171.39482082326938 
149.01193672292658 
156.4397632748869 
151.83721416534377 
-31.089175058025525 
102.39262420593275 
154.46668416219194 
153.76983327867936 
159.24405375773864 
143.80849516579954 
148.36682855303647 
-100.12291531059631 
-81.36752566490057 
-176.94970298244525 
162.246690536496 
161.83789426186905 
174.7533897820078 
-176.6584014777114 
161.46862566359496 
-80.87707175037426 
152.94049947630518 
152.9318103111208 
149.56670624062022 
-61.67730013713728 
158.0573973108523 
166.73815424250913 
138.50604440684774 
-1.2240917098212534 
172.9976197332305 
145.29190446983827 
162.8686666383135 
-176.0000102394907 
142.43655055097184 
74.2615354302004 
153.73167048842714 
166.78418378340885 
165.3455791048061 
148.36250469448908 
145.78074236814413 
-175.1044767452305 
165.76560344739107 
-170.57026745205275 
-78.38570041879817 
155.60635101993486 
151.67894308029932 
147.11087493929787 
166.84094803517974 
-59.00140281739421 
152.23122686743133 
-61.05755745810769 
150.69243077470716 
178.46917991770528 
-43.19568461790719 
176.9727263343787 
87.45204466668034 
167.43018702432272 
108.42653904359611 
151.50280496358334 
176.9326879343941 
156.7399479626344 
167.84674704498988 
165.90350816003945 
-41.9558078748611 
-172.93728996388398 
151.42277216925189 
158.8268675912763 
154.85951503742174 
-171.26059553047995 
176.17685149080236 
156.29304610089562 
-169.5593797871549 
147.61089816252397 
-20.304166829401115 
140.09715708652948 
144.06386401201448 
171.19809478106058 
135.17153934416444 
133.3817632989984 
-57.79463733168302 
-174.86794898933263 
-52.8708967066355 
160.62841820971812 
-63.42586143352625 
163.7044130000785 
-25.777489184593904 
153.42086832800692 
-76.22266111397754 
-32.597729023187256 
-50.57453992583259 
-45.14652935477067 
-142.17641722503174 
-39.93904387489449 
-10.793004928161139 
-26.34170223769412 
22.424248330353972 
172.06570959018205 
-34.85681283948891 
-66.5941330438086 
-87.55560076260792 
-9.290826810421034 
-19.83700991685735 
28.941349137821696 
161.00980310856838 
-38.413713926425714 
-65.50601176410703 
-11.064459706774883 
7.242237992885834 
-30.85355678609635 
-43.904744827926656 
-19.233337831765173 
-57.89548707553023 
-70.39195666726661 
-44.804067299565254 
-37.48795823469312 
12.37986373708573 
-52.13026543709118 
-44.39674886028151 
-43.17621039300089 
-31.31177111248721 
-82.56381405953562 
-99.01021545048025 
161.45524051193703 
154.4734731595647 
-61.12841003292725 
-130.91248010985683 
152.8663544813917 
155.8007862950837 
150.18848052873258 
-15.85503546143676 
-52.013174022821666 
-51.379058638512156 
-59.28368887955259 
-26.92999752326618 
-18.49021288267403 
-147.28970577688236 
-172.17483729066623 
-30.707844354564173 
169.3640711250045 
171.6643202238688 
-50.711810409029916 
-66.22896156447858 
-71.93418295085009 
-169.80723596509605 
-50.506336100177485 
-52.737077131605695 
166.58311512358733 
151.25448600597989 
172.5949984922748 
152.0334732758048 
147.33669970545694 
-25.227540618297528 
-20.478358226378198 
-56.11024551139072 
-177.19013494026555 
-171.7573126456842 
141.55120539749996 
0.27691051341052925 
177.82316970099765 
-73.5987362438678 
173.16601217607177 
158.26044213557518 
138.48775451090827 
161.4261021395725 
-174.1600704821892 
-24.782742003575642 
-177.1682471024598 
-54.18185922217754 
-69.38071477010213 
-84.18732886472408 
-42.74233405346588 
157.10717111691355 
-25.01031137176492 
-145.36934032611526 
-89.50084364435183 
-40.593225695151816 
164.87549667699668 
145.18312952046503 
-71.12579156948073 
-15.59988759934107 
22.35946085455718 
147.46161990542163 
147.95216680564388 
-16.432002660859123 
-20.295624000843322 
161.02490119778037 
158.36719719397587 
-21.084600221875444 
157.98335647188404 
89.10755150962552 
-34.42189004611005 
-35.02455207547403 
153.13907032617843 
-12.996550570084716 
-23.5279944768622 
159.7807107710276 
-53.99014406136614 
-66.41611418842805 
-54.69832584820827 
-8.272317124515151 
154.46666799597108 
-9.635887165873017 
-48.661606360902155 
166.63506449810322 
-72.33930955613154 
140.546594643313 
-72.26895355181169 
-177.29402135913844 
-0.6957294816690175 
-85.19743421437433 
-21.091188824223398 
-17.548337687627576 
-14.691231965567479 
-67.59407531976268 
-46.076871023799974 
-63.61903803811013 
-59.882793868443514 
-178.93905851066623 
-60.50794911734665 
-12.060591878641699 
167.9663170195558 
150.6395723499364 
-0.831863269324708 
-53.89762149097012 
-77.9365463813321 
-23.444659745002923 
179.9078438879585 
-15.322682248293038 
-65.78254878015413 
-50.379396232238506 
-25.783420476065274 
-34.208061297015945 
-60.93708390020544 
19.95914352695533 
-26.55116569358935 
91.26221582887604 
-9.433941270041705 
148.97289645998865 
-43.242766078718034 
-30.90914241401465 
-39.801406296440526 
179.94520549495016 
0.21701247082134242 
151.43378254340362 
-30.218552123559437 
-171.82776390489624 
-23.05161685355373 
-60.97522287043162 
-6.287225829525854 
-34.09827012393334 
-21.808419712827632 
-41.571945844285054 
149.66903879135836 
167.37999255263105 
-6.901785730104461 
-47.71245314991442 
-65.87752061998597 
-65.85576939139443 
-134.31816673722454 
-38.52843431054731 
159.69292178707656 
142.1728955339059 
152.80168264539384 
-77.4470344961617 
-81.1948091122067 
163.85472268479984 
145.85034288636723 
-84.75679604636267 
-46.319657086877875 
178.7082354656468 
-31.471238232622742 
-77.29689917252482 
-23.286998817592444 
-48.74285481698367 
-59.70316880332063 
156.41180034192536 
139.74655452142068 
-22.01510222748365 
-66.40405651066533 
-27.80146336308353 
4.600269017593429 
-60.803767746809996 
-63.33705405872867 
-68.27209779534805 
-45.98966207807683 
168.19478426946444 
-51.01631368242106 
178.52845958921927 
-24.873518559287838 
129.6916288404339 
-53.534216729802324 
9.367408382918711 
-72.21139675043449 
-20.46183425566566 
-30.560132482921773 
158.41202588864135 
-12.205402694128523 
-27.266965335675227 
-25.25227462651004 
66.83506395737979 
-1.5945430698381948 
-9.368784598529224 
-35.85960412217048 
161.78453271628692 
175.73868980413195 
-22.850002557368917 
156.92891349010168 
149.16124328724646 
-42.47597710047094 
-45.70485714196825 
-134.9240791263922 
179.88283649593973 
141.23279307358513 
151.08988359708496 
-46.16288310194767 
-177.78546674048286 
-9.456074317614796 
155.62959127959402 
153.90796844780647 
150.51003552599715 
-29.952734451387638 
-47.19699829028383 
-3.5630014993782173 
175.72643579899164 
-57.25191561377262 
-167.74750927048726 
-16.877041657083222 
162.51003133321083 
162.11011803144794 
-17.24035234266249 
157.68195439703902 
-46.284027811777996 
-42.16880299536847 
-61.643050371372865 
154.54413022611755 
175.59220952443656 
-179.58312648009905 
-54.61516820405895 
154.01351392537214 
-77.24250534279543 
155.95937743155636 
-35.943151766100684 
-63.06831864810946 
-151.24783939718066 
-73.66573592329247 
-34.33329493418586 
-174.79995164230616 
-38.1191326147919 
-74.10278075303101 
-31.35784448477512 
-51.074016011627386 
177.52626471208217 
-45.694662603134546 
-159.51878379229015 
-70.7037090873872 
-173.22112420252813 
-29.845872653998963 
-23.45624077192143 
-31.934939689934872 
-13.75408572698642 
-34.812338937171475 
-34.525265123173114 
-46.35851213716324 
169.93150774628745 
-9.07743918230182 
6.265583400751358 
139.454680207761 
-66.34587854185234 
-50.37865907444821 
102.07497759394093 
-42.857961510458054 
-3.969352514712845 
160.53300771855834 
-30.279084965914024 
-63.77335705102932 
157.67631464988693 
154.29621410437346 
-36.480575976112775 
-68.87951930386255 
179.14266238984447 
170.85105997110455 
161.52354097332355 
-29.12270424482728 
-17.800896014088067 
-95.82277204738502 
-45.41397655838849 
-47.96397983192614 
158.0246266789831 
-23.67452505129768 
-29.51649448619978 
-27.133257058144224 
-25.119305700388924 
-37.48635522275567 
-113.29397813931595 
-80.7656428935971 
-21.830663579179188 
-166.8878093391216 
-24.902540221474386 
-59.66484172877638 
144.7835645413796 
-64.46662062719466 
-37.117294564213985 
-48.17587369588028 
154.03578134450916 
-20.792306563132513 
-58.69171220025084 
-14.71997768348106 
-89.03592820073372 
161.29575638739618 
-53.49208792357771 
-8.497157676044962 
-74.84202728632026 
-77.61203411635837 
-31.10868584273088 
-63.9802898239622 
-23.995923949265645 
-62.870347124663475 
-160.39951943476208 
17.00056833061844 
-83.22128948740942 
-44.70002704870566 
-22.672059570821645 
168.47888138851437 
155.2432730370272 
145.93566373042447 
177.54146138890346 
-46.21353839969801 
-57.22668044195562 
-27.058283811116603 
-0.9904155629244575 
-10.967302840582006 
135.70163410092528 
154.34948950307873 
-42.00717787154426 
-179.72319862143004 
167.1014830276616 
-51.57021413780695 
163.1213343993616 
176.9373129543479 
-43.45253838771818 
-53.916928360192756 
-148.86585840014632 
-36.7288269110933 
-41.67310599881472 
-50.927875364428 
-66.82205057094895 
-150.37330784301378 
-17.842886832929796 
-55.530189455103816 
-14.95149810278422 
-34.53802918358947 
-82.54341867141113 
-51.18206988069614 
-95.93088978933079 
-45.4737454365675 
-33.191015716047566 
176.8027376358001 
-18.033256809325167 
-37.14553273305172 
-20.07217965156444 
167.739710010832 
-55.57093576849112 
52.43039937942488 
-1.1303935908273715 
-58.45578856410254 
-41.490962368061496 
-178.7334882211032 
18.73290688466301 
-46.44010683420378 
-30.74521053937301 
24.427645410338823 
-39.91463675821732 
25.15506031748747 
8.321734224510047 
10.260273412689056 
29.59455505669492 
163.97620788530517 
-39.93438096088829 
-36.68022387065118 
-46.80949330576785 
-32.170009714036425 
-18.311111894615255 
-24.15379639074997 
171.78561683105573 
-20.290250540494362 
-2.934018193505182 
-40.293422966519536 
-80.96494038491247 
-33.54835932868651 
-50.46790003788417 
-54.753025572157384 
-50.48422592953009 
-77.38523947162724 
-17.146899729400825 
-71.4645810542032 
-177.60555991044063 
-33.66337581152151 
-24.473288715839224 
-13.823081459450268 
-12.653457144039098 
166.91155679031604 
-69.25802862812934 
-51.97298881843108 
-35.941139163322276 
-30.278546894325764 
-20.883720817884686 
138.0274839538872 
-22.107992088622353 
-41.45583905245701 
146.67651730010908 
-74.27066562707712 
-37.7831238144594 
-28.528142378889296 
146.25203883472562 
140.80266685798543 
-65.08290890239665 
-80.56242473649012 
151.92834737615976 
-33.340970220165055 
-46.97493177669812 
-54.72899563342076 
-52.96045651078836 
-18.17483243666091 
-38.52581408371104 
-77.45135110866998 
-46.747709573647306 
-0.6189600259720442 
-33.91172395886562 
-59.91966565704613 
-24.759319414846487 
-66.44581347795715 
1.337215864546146 
-71.93937276681639 
158.86183482997626 
-18.530204820874673 
-36.057188045602494 
-21.54941669396564 
-33.84825754693414 
-59.3388837587002 
-58.56026162708974 
-75.22537136768901 
-15.657856511038768 
-52.219901465676756 
178.2102590526924 
-16.10322186656364 
-51.52496667546638 
-36.133665128061125 
-35.1365426333145 
-48.377105091772314 
-34.18205288141589 
-28.108186844508705 
-22.203219736252027 
-65.51222753740458 
-178.50984298870247 
-57.50041981802909 
172.69663762307707 
-51.24350579244789 
-44.25730174877177 
-36.10568942180851 
-48.86282392374671 
-87.09049428847985 
-56.47536624329971 
23.11440521908009 
-15.233393618126657 
-70.9141621783127 
-62.11679881514496 
-45.78918440322055 
-22.922182389538506 
-59.44537205196047 
-41.566999450912675 
-19.91238877380033 
-1.2644604399552604 
-50.76648040186812 
-3.1176822465497303 
-28.215499312616707 
-52.18606852567155 
-44.16834526419819 
-59.71756699013181 
-76.52235008063937 
-76.38539678177959 
-65.99689922878541 
162.41136999332525 
-25.18028935722939 
-16.567795021411342 
-37.704234391088924 
-40.23759372521641 
-38.41574402312006 
-42.46571244706048 
144.3959181898124 
147.4572365769617 
-79.41842914756506 
-179.32776560317262 
-47.60130113346548 
146.03010785425136 
14.598768214559783 
-35.59945420125306 
-48.669041093435965 
-69.2187121724713 
-72.11406273230416 
-79.01138889493126 
-58.6300680846073 
139.94490555139 
-50.38300851183438 
-159.0078434963059 
-53.63204959640275 
-75.5425514528596 
170.6879026398386 
-71.53787057318682 
-153.74714804824333 
-60.45235134282751 
169.72113538723238 
153.4840428145251 
-70.78027725876142 
-64.05422122003834 
-22.27919797055963 
-59.53676141579899 
-26.901750633849723 
-63.460445685195545 
171.97067292481432 
-8.28111270364776 
-34.364126515134856 
148.78488262151663 
-29.66279076006276 
29.31684109854701 
-14.38199611696714 
-62.597340032302476 
154.2251286349113 
-67.35067953497604 
-22.427913565568886 
-59.29091996786027 
-109.06928944632374 
-29.232105241550478 
-51.61535202161171 
155.8628760465876 
155.78542452820486 
164.19919936573694 
-26.09775511082689 
160.91605233404826 
154.4148317529178 
156.64994568919545 
165.84657337723658 
174.32896983947106 
168.8502012519781 
-25.55970336277944 
-60.50336648502972 
168.54508316560043 
-170.08224339193816 
-53.41675426201917 
42.17090830386168 
-17.2144411297309 
-170.76746052812695 
-34.731959857671384 
160.81654685322286 
-42.904795766536 
-39.95309684492041 
-42.55224998774808 
152.47913853939062 
-50.59934002753421 
174.07380866149336 
-11.340982015262703 
-27.1871649075492 
143.80156941703913 
165.11262267237626 
-79.2274879804549 
133.26986748390004 
146.9263607494563 
-54.18685745364788 
-62.89950087335573 
-42.34334515898965 
-41.53969423445558 
-47.531417852888794 
167.79518575381303 
-83.06079410295854 
130.41510193374316 
-69.10080975942033 
-75.83880036151226 
64.52315065334908 
-177.1852297293078 
-37.9045334699934 
-51.21020384049601 
150.1837085619825 
170.90150010609145 
-37.247562114502855 
151.82602699332384 
-53.65651713702395 
-43.02579838220388 
127.16730339061735 
147.35850603915173 
-1.1786694379664444 
166.5074541193964 
-43.92356589930716 
121.60776036007051 
-36.366720729774386 
147.1608153859311 
144.59791492645155 
-6.128258720307843 
-37.602009512053144 
-34.21358988090487 
-152.51609313534405 
-24.44701322008372 
-17.193425015272926 
174.82498188272513 
-50.18386441532075 
160.32360689418456 
-43.28567632633225 
-24.66379819107248 
174.58822692838427 
170.40901826983108 
169.53543493309675 
161.36078769884315 
150.6393732289748 
173.35954949449612 
176.40542748946964 
-58.98349565348583 
-5.201530827318178 
-55.11957613742394 
115.67016152810332 
-49.411147030176835 
166.61979458062655 
-11.508561773026011 
172.39531744176082 
26.684270610731602 
58.74176866384628 
-178.53964799999036 
172.44687330376374 
155.91723638585896 
-37.421014046758486 
-174.44584198221983 
152.00966934408962 
169.3779978284862 
-16.82872453469629 
-21.250437470882133 
160.6850322375625 
8.116452698506112 
-85.84834433428676 
-47.957928486271086 
143.16076073598742 
170.1919052583793 
155.25218908474196 
-65.66606898575296 
165.71500808641431 
-47.06882922472939 
170.39893809648464 
154.1724565657683 
150.3681031816029 
-41.34012112213278 
145.54557135324117 
117.03011285563295 
-37.14291431832265 
-42.682339302481 
157.89841492582707 
158.59469063869176 
-172.95479955652456 
136.9795638622221 
-12.741435947084028 
149.5164571451464 
-24.631392261411367 
-28.97810278939915 
-46.24428206612861 
146.63576069068725 
-41.08333329770518 
174.87955167117948 
49.85920371643622 
-168.86647347184416 
166.1528891448581 
139.31264546788472 
142.28519792977883 
148.0130107106552 
165.7089580355545 
97.03666933843746 
-43.33917802440158 
165.74191026157374 
-39.86108107483123 
141.01775242073376 
-35.68347182066709 
-60.04635341981575 
138.4747185543004 
-18.10114468148803 
-177.29701493909312 
160.68983798186997 
-146.03623501003187 
-179.6455982137978 
156.14392563710223 
-75.90109055914039 
-62.81495837348013 
-18.845002554119496 
-32.87370863841266 
152.54181777600772 
-57.30191960249109 
-71.29885263019533 
168.22178414607205 
-61.99261694804606 
-72.49417592447504 
-49.0114291024268 
-53.595298278959405 
-163.31486723396418 
153.49195721533795 
175.45463005690755 
-31.117862214500434 
156.26579189191665 
-46.45941996519931 
11.293080536355651 
-75.70055291024923 
147.3516263557966 
171.83261114587575 
-26.890843380023757 
-27.7871064079646 
-62.422910470783506 
-55.2853283017649 
-54.207244531763656 
-0.6488206492996663 
-32.51631225658687 
-16.82993390921862 
-12.80401609137587 
-92.44597492689321 
-47.74984781247586 
-20.12455406825053 
178.54762481076028 
-43.6073128502162 
-61.66884572974533 
16.316397759847813 
-163.53982266645906 
36.04738990647546 
-57.98736237579482 
162.95532287834467 
-33.02082705160043 
-25.391317748060576 
118.33144931405866 
-18.401190587031397 
-7.688413719971756 
-46.52497338248798 
-30.901086246363423 
125.6183789362926 
-34.27571658100558 
-16.182238414937242 
-37.192289558198574 
179.2356441341722 
171.27606702964476 
-26.619783087369044 
-109.63780999957626 
-26.188833476820164 
-26.033754093894057 
-70.79493990374 
19.840368611474712 
157.03542398753882 
-27.170624827733995 
-12.468023001929794 
-123.21391102967505 
-74.89374458839738 
-30.31664792619133 
-61.52544131518385 
-48.68857998431177 
-70.42817890611477 
-38.97716300344941 
-32.84040454893344 
-1.3571176980922448 
-24.01904417136774 
-35.320743497491875 
-40.94548329122427 
10.712923931286674 
177.13886213769234 
-43.64475988599142 
-35.68135547547737 
-63.691342761999046 
150.76859516397974 
153.3579907772161 
-76.14514967519315 
172.200517053564 
164.53188293193415 
149.33683900314486 
-23.836149508381883 
161.64971634317135 
155.079575366703 
164.06892237037496 
162.74214362939884 
-31.79576245179356 
168.89043399255624 
2.2053226276453644 
169.91006144052824 
161.25046750322454 
-21.967805568505092 
149.2541624749101 
170.38495762384338 
-179.97171308943493 
-0.799725305887226 
-49.460842437140926 
159.7232567890922 
-32.571383374002274 
167.15564417305532 
-57.02157492838168 
-69.79154295449521 
172.25984697127967 
-131.9997614141826 
-18.820715328290166 
-42.57013460099399 
-31.161293121427065 
-26.90186046927649 
-175.0754705172993 
-13.170146175761454 
152.8332422111925 
-153.67836234362477 
165.2287376793539 
-139.70282829530476 
-74.09938813080554 
-30.05117589371515 
-26.899125665698175 
59.743281521776744 
-54.070417251645246 
-82.11358518055087 
-61.456846522450256 
162.48260713389467 
80.35926067732639 
-51.11594081351528 
152.92916019013273 
-32.51407838875209 
-3.1697653782692985 
-82.30979248599301 
179.23848734595575 
-18.864851320818794 
-22.12272170833258 
-16.536449053538718 
-37.94439870035487 
171.47533618567005 
-12.45826149936066 
-23.404495408399978 
-29.673034077630444 
-2.4225891554065253 
10.087105839402833 
-46.40081145662729 
161.53508185798083 
-50.80836051595525 
-36.08259282343072 
-40.031272253821925 
-19.569369060787178 
-42.93827887744344 
-84.46970499465777 
-36.1132400309358 
-19.355350999452437 
-36.89004202486637 
-5.44696033769554 
-42.18074322365781 
-31.14581998509442 
-23.72302577263865 
-23.889643867459036 
-15.800163945914136 
-33.48626158453138 
26.633879393085664 
-19.949133152579094 
-24.44263198061086 
-77.9999438646091 
-17.530184384275707 
-59.580177473602575 
-24.230141580349564 
167.93679693373014 
-59.39713858892862 
15.511154049898712 
-34.09340799011161 
-109.98759191986002 
-56.918053902854396 
147.5051146425487 
-38.241566052497106 
-64.22148469436145 
164.46347566841501 
-22.152733665833992 
-77.1916751744358 
-51.67552520545567 
-35.74464500062204 
-60.8284492091927 
168.14593525396003 
-28.46294588607684 
-68.56125235127081 
-50.00099709516266 
-26.83901348652047 
-28.255986179452783 
-12.558546693527596 
-47.100266835566664 
-22.062546812002463 
-2.8483137042164928 
-24.784220543444988 
-35.350730572211205 
-70.68065005508134 
-27.56552352518039 
-40.09669673939197 
-44.50299433731269 
7.785677298171742 
-4.9345662881023715 
-20.349333511838605 
-18.601425480992113 
-30.822621088436694 
-53.751809930724406 
-26.647394000473767 
-19.07454101475437 
-50.39750553175792 
-54.65865464302131 
-71.30693290188756 
-39.02009837609609 
-67.8597251342043 
-39.907349386077776 
-39.4334589718102 
-38.60744841022966 
17.30701535365114 
-49.77369273078715 
-51.12845943811303 
-30.033298967547342 
-26.46822681481658 
-43.06528250187415 
-44.498584797268464 
-48.47826879477808 
167.01279827921257 
5.672953108808374 
171.3492205460188 
-30.311922210127896 
-35.91779217860273 
-13.328832654690562 
-43.28729708127844 
-36.1667002310582 
-6.859687565531429 
-29.207773504164606 
-58.43550920503323 
-32.34529833793571 
34.200165273922934 
-164.3737462443961 
8.12043391168945 
155.08654952852243 
10.245465247309179 
-50.57799518540354 
152.48488466860317 
-18.081207928480854 
-45.67030359695733 
5.387199201795908 
-24.78926835019655 
-44.8978541186011 
-19.284016233407147 
-22.385019092084633 
-42.23633560396083 
-32.48340814199935 
-0.03593212863438319 
-30.02467492938049 
162.13343669766098 
-37.402037296945956 
-50.42806364174703 
152.37568613339891 
178.3486860041793 
-39.69088824479028 
152.01952226724666 
-26.331450517245806 
-24.26446541600105 
171.38689623574075 
-1.0112414578948512 
-52.880846603526074 
-14.63238557930885 
-14.787912342646152 
-58.33284089556142 
-54.77222192943229 
-17.7055284366814 
-75.93904485210392 
-29.924302050928382 
-25.943860769543353 
144.0977048268575 
-44.33803794466874 
174.6395324133419 
-55.49412938440387 
-39.1659686173335 
-64.01097393526625 
154.07169468118437 
151.49731173295748 
17.965477114370486 
-47.953308551525346 
-70.73042746036623 
-63.37268596250271 
-29.62633068683957 
-62.074777298255974 
-34.98058981354846 
-18.395439116932504 
-98.68690282541847 
-26.96940343545874 
-36.36438030680182 
-79.52985526534842 
-65.75198495243825 
-67.09747130608092 
-32.662629384753835 
-46.65051299587614 
-13.915830066645992 
-71.78605641419274 
-60.86743884497406 
-72.43971976010354 
-27.08889696837221 
-35.20302789968705 
-55.3861704029219 
-44.262548981126386 
-90.41119508621308 
-33.5119221347176 
158.01455212902 
13.58156248540852 
-17.698823973786883 
-54.17245982176983 
-39.560375334826425 
150.57330625755017 
-46.811089909193406 
155.02542170094938 
-31.661373343484676 
-27.74628491454627 
174.15370684804688 
-52.26820000284485 
-32.003543732684896 
160.81135739870578 
-25.266218949679747 
-63.93101081039865 
65.79403445959494 
-9.489501012391685 
-48.67740525620998 
163.8563043570222 
146.13240897333927 
-30.52708513493632 
-38.976061491265085 
2.751914984669023 
-50.28380026846294 
-21.931857866241433 
-34.15465261429706 
148.02482278647977 
-67.9314765007997 
171.16383319487193 
-42.63035281475745 
-66.8297415434065 
-33.39690684712627 
150.49405317840828 
-47.19112870894132 
-59.30534129171796 
-178.25472405039667 
170.22091436430793 
-20.452445974303316 
-31.12366177308909 
-45.181670777674334 
73.06061155191158 
-27.91354430825424 
167.2745330705151 
-8.800987355262322 
76.52275612541403 
-41.793205258021686 
-53.30445749311279 
143.69129619544705 
-41.43735909568955 
-81.77397980087635 
-39.80728636927664 
-34.22204942536991 
158.69253549951947 
-21.82739843475095 
-42.08096836994764 
-37.54945007982261 
-31.91134435793433 
-31.799489069244533 
-28.22048795506226 
146.75183781098312 
-40.02355333844387 
156.4605741628477 
159.35866397593253 
-170.28288579908133 
-32.16380185043321 
-64.02770250572479 
179.2465502824246 
171.5761699352054 
155.3797213324586 
-174.94149543661428 
160.2354506501355 
-28.242730414483244 
13.918342298208003 
-14.730601460444413 
-15.154974641344266 
-69.76725039973694 
150.0540981474478 
143.2289928108268 
166.69532049509507 
169.85414971296598 
166.49264302465292 
155.17843515628584 
-5.784284316717706 
179.82359429356788 
-33.35649190833396 
-149.4953032680951 
-174.4685133995012 
-50.06472742485969 
157.41869002219016 
168.31838839934073 
146.6521207322753 
-21.786748516494228 
-176.5376922370366 
-81.35899890893928 
-119.20540650479485 
152.02290548193443 
-40.3800546924682 
22.856274650180925 
-4.08282307100096 
151.0651154492367 
26.671765089446566 
149.50634387979895 
-30.14332956784561 
5.566891351561941 
140.60837767916084 
-178.81430143347168 
-174.4973237247687 
-103.0282555261539 
175.93181679094758 
-54.645244601429646 
-44.16381122497992 
-35.7498296298545 
-42.03464284202938 
155.67246026669687 
164.4190440749059 
-29.592784017796987 
-39.31748031151986 
-72.85925850456722 
174.46399587554595 
-34.911733780869106 
-52.80929925375511 
-55.948986664857806 
155.60026119487765 
-38.99497480003497 
5.680023422395649 
153.26717782748298 
-30.396822758182147 
-22.455459758637396 
-60.81263969741083 
-26.457251497442954 
136.84486231741377 
-3.9155336747034117 
-32.844786345329844 
-172.99524214808721 
144.94605026494875 
-150.8359448387774 
150.52517845477462 
-12.7996849776311 
-30.701848881763343 
98.44421096148788 
-41.48114738563997 
-6.509207653374586 
-178.44248782053634 
154.5883466404284 
171.46116850206582 
-38.05279701720668 
-30.837498849528334 
135.44032408440856 
26.9191521145406 
156.72285430882823 
138.6420705777456 
-7.976443433081788 
167.76989832091195 
154.96738318873454 
-60.45997950118567 
-6.459216740299039 
-15.65211169093997 
-57.27719007716093 
-54.79525673257193 
-31.122794417903368 
-15.414741621393619 
-3.6818564597708265 
127.47326026447641 
-48.85380714580638 
137.02030794129206 
16.979154616373314 
-4.165506825038879 
-11.574702999010213 
-179.6811905939179 
-62.19809384248536 
-164.00178360974107 
-137.53030180762224 
165.8258712879552 
1.3128187440874328 
-162.28863218612108 
-17.584473394699547 
-18.371034518860967 
-39.45836190962237 
138.45166278759575 
-40.32260213762025 
-12.87153318327336 
35.776481324069145 
-26.36543689309954 
154.39849469990895 
-82.58461885503503 
-36.21564035679736 
-55.90445368981543 
151.19099529360142 
165.0331615281244 
150.94013887481296 
-46.423865326497484 
-43.990871629429314 
-44.22912765376864 
-59.98109782165905 
177.60525057505168 
-44.18207528463989 
-58.73052670217203 
-47.66815872312808 
158.90886224175676 
-41.99630538098974 
146.89013164778987 
164.3503168697361 
151.81933349853685 
-26.352853316874302 
67.04170073920845 
-82.20755230004815 
-45.624382758225714 
13.56369979130138 
-40.826123586616525 
-27.407316937181314 
154.52612730621505 
-60.55178896016173 
-42.35457613160685 
-54.90780514466029 
-11.838035965092947 
-15.442150991277755 
-75.47388445481707 
-42.531253604777255 
-37.845479454551054 
-45.393724139562174 
20.48369049276893 
-38.80153512701942 
-56.522744999763084 
-37.86458189311411 
43.40206188916691 
-43.214840422731406 
144.74775469054902 
113.16977332903214 
-30.818347649071576 
78.08849036951955 
-32.768167381998154 
-50.812362125506766 
-19.120061554347526 
-12.379344782193515 
-46.10320236831659 
-49.77457626760807 
-51.14542478312964 
-55.68586067634655 
-18.44883627608125 
-35.384257268274254 
-63.569298405151265 
-30.868750930425147 
-11.203876219534948 
-38.44810019987528 
-45.54086871042435 
-22.882876848752048 
-41.530812635833776 
-61.64105408875907 
-15.468362214959694 
26.64481080545532 
-14.032284005874226 
-40.01420898131777 
-39.334648844425715 
-43.43367099687008 
-64.5851820493323 
-72.46305030328136 
-26.8441486421684 
-35.05235421974653 
-45.35994401136214 
-44.88569590191928 
-76.49977141779372 
-17.861476014905982 
-55.256226987644645 
-68.74627253511694 
-62.002415684608536 
-48.365437748339424 
-87.19824786030387 
-29.5169665786119 
-41.63668217027638 
-39.67464058039196 
-68.1814256909521 
-17.502525514374536 
22.83158386412945 
-33.034125999052435 
-54.161261074702544 
-29.526797391970252 
-64.99032865087871 
161.0234022537383 
-60.55950802524423 
159.17949911719123 
-2.2943008527123334 
-23.33203515212724 
49.16034821222269 
-62.69786310488556 
163.65835658418897 
-30.472624717811698 
-80.1166437277034 
-70.81245490968702 
-3.529417166781733 
-7.8326670585773055 
-40.417538862553386 
175.10843014278646 
159.9399107765462 
-179.19980003334365 
-141.52593546764078 
-47.182841066374685 
163.0695563173002 
154.50115656644172 
-46.66521778315366 
151.02225210448805 
-29.702717117525342 
-43.34544818302937 
-149.19738315087466 
146.73273455302174 
111.79950373627442 
144.48667761640178 
159.51798036499414 
-68.16194971777942 
-46.88352932296959 
140.97875613292433 
-80.92249018471442 
-44.18343262589106 
154.42657871528715 
-50.75303531530418 
148.6432651430312 
-26.583512461335598 
151.13264809767318 
-53.05631812876322 
155.99039334686015 
-57.426234141548356 
151.5305181044535 
-52.88094725734964 
-59.84788107634391 
177.15539440029943 
-23.320594242521995 
154.59815428812678 
-42.14425023517461 
0.9837462859707147 
148.60208720907366 
-141.38744315577662 
-33.00292140933925 
-64.36103617401078 
-105.14051621656499 
-20.013269194898186 
-67.78346630118921 
-96.50251466312783 
39.99921581275366 
-62.56995414074663 
-56.84385080329654 
-9.378487778689312 
79.32697214894878 
-61.46211270514954 
-2.2942047916931134 
59.308118594380815 
172.1612759404742 
-36.61961964669948 
-36.12472805127686 
-33.03501118413719 
-27.910252858299216 
-63.44876425768342 
-40.9908365335904 
-3.2801250191864995 
-43.56397624810036 
-40.49149110121939 
-52.326223595542146 
173.24830374417903 
-60.29434278234757 
-32.717120389999856 
-28.20846713161824 
-57.591165565264916 
-70.15735679915339 
-40.28046714289148 
-30.701641132745927 
144.35850802195225 
-62.79854287137437 
-24.182476219566457 
-35.09901424824934 
2.600602634435816 
-36.35832866080367 
171.1749460048046 
-6.230204774529381 
-31.338528176303914 
-37.3483946575089 
170.7754821344559 
170.41468153834805 
155.95883719762367 
-40.03322356426035 
-20.45629569209501 
-59.61201597423878 
-22.00057456675777 
173.2526707285092 
169.38512563496667 
-22.16560413373854 
169.0156388528656 
-43.26168444739182 
-45.65794644992679 
-16.60174137373671 
-5.855745719887295 
-51.95380623255124 
-10.286164971144387 
-12.993713174428516 
-67.8925984726273 
55.03614237812366 
-43.766486938512 
-58.963797363279724 
-88.37051781554574 
-49.40537195703616 
-40.5122165997595 
-49.87613292543068 
-36.470411597606066 
-33.39504128393821 
-46.50113298042966 
-45.585420327019264 
-55.11229222083802 
-38.71694755078913 
-10.23576727270906 
-179.75894813245182 
-33.33998880072393 
171.17781217594984 
169.15579043972673 
75.38565580660348 
163.8877837982844 
166.0047019982759 
-27.742000231715817 
-156.42352386570522 
81.05587434413737 
-32.9553431781337 
-47.90088684646483 
62.6391790186828 
89.21898932369776 
-72.90952514968113 
179.581692521435 
-10.139518445438368 
-42.99103665518049 
-4.416762943364571 
-19.415497794065047 
158.25162421288636 
-40.59848785461015 
-29.414063656767354 
157.6567690792031 
-53.38597357941151 
-9.506318043258174 
154.19866689003064 
151.2316005050023 
154.30633128507955 
157.06282720059988 
159.08920184090204 
141.86453355344437 
-24.98425282396896 
148.83855391514263 
177.98373275528652 
138.92119618245465 
152.61942294396476 
152.61162278836395 
-22.228147848165268 
61.21425102706564 
154.9054820791446 
-53.1695245364549 
-173.61898075047742 
88.1733854145042 
171.89592366601332 
159.45730268270134 
140.63125989556627 
161.279515563595 
179.96620585120388 
-41.51334257011855 
156.1825342006022 
175.58861123006204 
143.55297584378584 
144.74810880476733 
170.0841844095643 
156.923541689335 
-55.50218619565056 
168.68391027037612 
161.77367382918058 
-26.93279286501084 
155.99345167137054 
164.95554155727996 
-178.38334969527406 
-17.57919256555751 
157.51918683881874 
-38.182291154199056 
167.24708765380876 
171.50660299671574 
-173.28725934470248 
-138.81893878508802 
3.2653860759599715 
-71.25086435826422 
-16.520455541557144 
-57.94762719953495 
159.39134681727603 
171.8461589425848 
-4.708541617777968 
-171.95289297369735 
-60.827507418712386 
-5.048181165820781 
161.4192584173579 
-36.71312934823149 
-41.26135815213985 
-65.93739967966293 
171.5773164624745 
-24.28864121920411 
72.2591386844995 
-28.052548033089824 
-167.8642983269203 
162.89621304978712 
-25.861341075480414 
-61.49361003786227 
-49.22590827701398 
-10.239546970276896 
152.38859383309241 
151.41162433511514 
173.8496635897131 
177.12203476027648 
-26.327863771841155 
-56.65954129334878 
-61.992721867650644 
176.29014855312752 
171.18422450467912 
172.75924536796865 
-84.01486368449129 
-160.5708206898305 
172.84951520948127 
-56.53898978014652 
-11.028390061824858 
-8.214655601398507 
140.8622251678554 
-174.81965240941855 
-173.34896724941166 
43.052377909508145 
-42.04966455431281 
-27.40491293554741 
-68.36593377256473 
-43.27583444648633 
169.62716970259578 
86.470488664899 
-177.10496695688516 
-31.422883917346407 
162.03019149738293 
-39.90052643156047 
-21.005869665630527 
152.52343085274222 
-48.33975348996114 
163.66905958117098 
-40.51184159204712 
154.66692699995141 
176.9124650270559 
-20.906218828243603 
178.93709654717898 
-85.1365563229197 
166.74432410551478 
-80.23144302000063 
109.1692214744972 
-33.39611422157153 
176.29501593031884 
158.87796164525747 
147.55620748028255 
-173.3095753472934 
-20.72661128107941 
-40.887142341985886 
-25.236137753327593 
-40.977429033862165 
-29.274515566710008 
164.75653152548207 
161.53624854419598 
-67.04129903136288 
-13.531768895569991 
144.95962755619163 
-22.600745954068444 
162.5957474163771 
174.323911594216 
-169.0663561152784 
-174.80177849739357 
177.50291736277876 
-43.35491609805143 
-48.047358819557175 
-2.718591995394525 
-44.48696446279579 
-177.2837609381463 
133.28835951779018 
-36.953416550171326 
-42.86953028086479 
-15.689288693051873 
-31.24310021389293 
-44.81912162410567 
8.619436236262244 
-18.84068022735271 
-26.80950436331549 
-12.804485119697716 
151.68159702726072 
164.6248226739391 
151.62993172102537 
129.6869782512097 
-17.569970320489077 
-56.245116194603206 
-31.928831805238477 
-60.50643395117715 
-18.126735103088755 
-48.04139268162145 
-49.66738816746004 
161.96566021035466 
-7.165428388425975 
170.70309213787704 
-37.138233981342324 
-42.718200268444676 
171.61345905993238 
173.4027757962094 
-27.277305028803543 
144.930296981216 
-48.9430679370835 
-171.5929980429498 
137.7945231974007 
-10.56201911481406 
-66.39044803182482 
-89.67837378074276 
-34.543825491171276 
-20.05984470012293 
-58.12930547580838 
-169.15848207717454 
9.58776620354919 
175.4352080687557 
135.09819958965386 
162.2668969256236 
174.74978458567392 
163.87753285039884 
-167.3914214598209 
-53.911019821723045 
-17.14111491558825 
-40.67315080549125 
158.5324870986257 
-34.88119236411602 
-66.31675964981851 
170.08343212059842 
169.2103286775348 
-28.761483630022322 
-179.48469335276354 
-25.139667404629378 
-161.84640799501034 
-48.246325196746255 
-27.561777591207424 
-40.25083162712968 
172.29132013929646 
-166.9813735928351 
-36.384013970962634 
-63.564774678834425 
168.8162296856227 
-30.952469267818365 
-52.30510835006815 
-38.96183146287476 
-161.75093829056874 
175.51318221326696 
-76.00227668385205 
174.11893309609542 
-167.03895101875665 
-18.169458733447573 
-61.90276091376466 
-17.264502301807426 
-77.4940832733519 
-56.3058922951674 
160.2758697606771 
-49.75319641722053 
-25.7198642274172 
-67.44968113721228 
142.85642181271066 
-10.079337249713952 
-179.0622612128674 
-54.246240403142885 
-11.505782223929373 
152.96352598882694 
154.87220193762067 
169.3695580541114 
172.09615022304618 
-43.77963843979473 
-52.71005802046305 
178.65341565103716 
145.2208617303428 
162.06247079065926 
-178.7093063949931 
-28.43074298129844 
159.82372825520656 
161.34723874865003 
-97.70620800501337 
-8.061785009768387 
-27.7129568508702 
-34.456528331412265 
-33.55023902012508 
-145.0259091436088 
12.217009406472013 
-37.048469344149744 
-179.77505489342357 
148.07428847074522 
-175.44328104736633 
-30.688401851249196 
-1.3221824244830145 
-52.52950417384498 
-70.10784608661538 
-37.22373949369671 
179.50476267782432 
-4.273114033195203 
179.1448188533641 
162.62548469733997 
-78.62255456512524 
162.3250401263822 
-37.14645670846276 
-87.98367127143834 
144.77073280874825 
134.8343550575821 
-62.25646366703057 
-12.305705701904557 
-53.56993295929409 
149.66494174643623 
2.0829019898172847 
-47.094496040990805 
149.55010203431516 
0.39277979508130906 
-7.704809603681465 
-9.031868601080621 
131.9012978964684 
-54.536498503545936 
70.49104037237699 
-163.74605769047548 
161.71448795471886 
-34.442635134124764 
-59.514392543286476 
-20.945652721892042 
152.45143263024107 
-36.871695653057095 
-14.835952203997728 
-70.75342741164052 
151.1860800201009 
-57.61426714261154 
146.10953543661807 
49.932098354276164 
172.59170596888023 
-172.7998202791107 
170.51907283068752 
-68.69737447805113 
165.91266180703482 
-64.2783778133154 
-19.701445054785246 
-78.51606712370359 
159.83143589642506 
-32.75298852326359 
150.27988088724726 
-58.65935131009325 
30.37030567086969 
173.6501848766161 
-26.617269181227396 
-4.3516659784321 
157.4391798320166 
152.53174876222633 
-5.026123615744271 
171.39012086906078 
-45.63387325885571 
149.12213274247503 
-39.947337615073614 
-171.68450603399825 
171.70192235889363 
-78.54242439813908 
-31.110332818631456 
173.3654051827828 
-2.113422105877563 
-4.986876770942759 
-6.23815079254561 
-38.31092676888606 
-80.6417416320649 
-55.08477909890147 
-47.546574211603094 
-80.85298014089004 
141.58258403807574 
164.45386577807867 
-40.662377427783355 
-49.23808791931583 
-36.55249158016315 
8.033761024991565 
-49.77106906425124 
164.17468992180443 
-7.370312665401858 
-116.96197539376585 
162.68672898881758 
4.437847716805499 
-17.313082724613537 
0.9518497148512215 
141.48180743133832 
-129.78611869241513 
-47.44205259785452 
-40.50195879398362 
-47.11139081412405 
21.829907974056365 
-178.5829423033988 
-58.008167783740554 
-27.181254196514576 
171.43895491447958 
11.557517332949578 
-56.94271284254531 
172.03194365436585 
140.8621430824192 
-178.2517325922375 
160.68083094774832 
175.21585028356668 
162.23412302287647 
176.77706122722714 
159.1050676658466 
161.96547695723567 
-14.959344365436216 
-30.83218289030928 
176.37120482667444 
174.79391078452252 
141.90775375655497 
161.72726173340595 
-174.04302825571375 
-4.13222142814249 
160.7433905689775 
175.393955943632 
-137.95360335175664 
-98.94896164037871 
-57.93489742597474 
146.44400690723472 
140.7246736405393 
-70.85953204980332 
-41.74996688902185 
-170.29713054950906 
176.53136088534282 
158.66088458390286 
155.61704279343164 
24.596987021773835 
142.70738615667608 
161.2741664639897 
-12.805349986659024 
170.59327311237914 
176.78448883656878 
-68.55071782277145 
-72.15932956006263 
-41.780847666474955 
-50.677768608065755 
-36.11197352851009 
174.9409113834714 
-79.29916438039591 
-57.998063100853194 
-50.94125187764809 
-71.79427787022944 
-67.55616802954427 
-172.33203524887114 
-171.4212281279041 
152.61884975063379 
168.93049558676006 
-179.65911818538896 
171.0483573731495 
170.98498245308912 
173.43532703973298 
-153.44321761783306 
-26.720668155820544 
-37.693893433360266 
-67.12212618087699 
153.81123815853647 
169.42064055326827 
-25.329961344516686 
153.22670344657794 
-85.18410665011402 
-169.50058459845064 
-23.52904350475365 
-41.92359791620026 
-3.5026223016039153 
-177.30902895590637 
152.3671364977014 
166.99542450438807 
-166.79255937697553 
166.88952328605288 
-82.3556249628542 
-23.53324645261243 
15.48663971048363 
-17.41465186058163 
-5.714162288665282 
-47.79879806216783 
172.772116646739 
-4.008377339824068 
173.92833019827364 
-41.08124621196151 
-70.70058983613262 
173.1457429266766 
-51.14344815150748 
-49.62052382687072 
-65.75505224303276 
-61.247673565443364 
-17.34882549298832 
-57.27791425122076 
171.7772611993005 
177.68227184466448 
167.45229040196816 
-76.48939908396413 
-96.43034869373254 
10.060065215980872 
161.00825468123043 
-49.75068810130314 
-38.427135646789374 
-19.58700002093474 
-163.0515836929319 
173.4166117053386 
4.890696015167638 
-31.933192336461147 
-23.59925784151237 
-42.50968591920935 
-99.03562654930295 
-169.98728596663645 
166.71721130429796 
-43.532152511838106 
-11.369191091928375 
-41.68232585438878 
-28.450018569701218 
-56.54763929675306 
169.1087154238579 
-23.97093129497591 
-76.32230815396768 
138.42043871645768 
-179.38506794922782 
-41.60069465023405 
-37.086678879019956 
-48.72940415771262 
-40.451970072473365 
-179.0495551298272 
5.589943139197527 
-16.66295930666786 
-47.146457002454525 
-70.3495180939233 
-15.080775795542024 
155.0059123947909 
-80.1307633887445 
172.22127407684067 
-11.460080853019447 
168.73166325788324 
-179.15730353455078 
165.81669316623461 
-42.51283883641317 
-47.41322303161709 
-18.069696925994126 
-170.86188841314672 
166.6357811097998 
-48.9994274012455 
-49.08054922285003 
-5.22941965405156 
-59.72636887930247 
171.69433803254418 
-13.2757557694309 
-88.0723875217007 
-43.743773301357024 
-44.283500691873805 
-54.32438308975897 
-0.9079133380701702 
-158.4120474691618 
-66.63809385970477 
149.0186420167059 
-21.341488301433806 
177.92772270561028 
-81.86857180136803 
-62.51173145760826 
-44.43005626294246 
-23.06751086369587 
-37.24924544391675 
-44.19639704045402 
-29.41143457281123 
-71.11222119291536 
-32.8798635254506 
165.87414487405252 
-32.63494329800535 
163.1135043291492 
-17.981059160488343 
-26.000737067661532 
-64.70292297697604 
-6.169552771191016 
145.5297191808708 
-34.08771712845174 
152.51979212634248 
-70.46237484812447 
-46.92399171600218 
-32.878631643784765 
-72.60350898257045 
-52.16629089004603 
-33.43319511841481 
-79.08821705154419 
-68.46355892541045 
-50.13465246273156 
154.1795675867059 
-40.53255056449592 
-41.34325987421141 
-14.292961546998763 
-49.87754955496544 
-69.44709296077478 
-61.39995473914071 
-35.1534463020524 
-56.2739041663986 
-48.07787021262478 
-46.801537384296374 
-6.822055385230905 
136.90450233583127 
-30.91440099101414 
-63.86954040112102 
-25.77033788736396 
-45.703541918000575 
-49.31617629216369 
-66.12221551141555 
140.14191038098846 
-54.004691437270665 
-38.635418177984235 
-161.13561445287957 
-60.709873543256435 
-31.372188195767862 
175.63732915314282 
-14.781005485473706 
-71.82143056976062 
163.51197685011343 
149.43072251040311 
-24.50462443750028 
-179.57089468818995 
-19.59289568221581 
-40.44970603093098 
160.2147654211539 
-34.81669388021757 
-34.99292528503511 
-62.179374650359776 
170.14031812826966 
-80.95559584082497 
160.8005439439426 
-33.092320977225825 
5.1821551828320045 
-65.02152559252013 
-47.64544048384318 
-56.3918689554757 
-35.715475485545504 
-32.6758290102852 
-72.14700094811022 
-31.835317828671066 
-31.415115668801512 
-27.586318323246168 
-133.45456828455644 
-143.80044274273618 
-46.67258583456987 
-47.43872570061551 
-131.9335848487733 
-52.68907539809662 
-69.3676264824322 
-32.90838523671032 
-52.728214089762915 
-50.614291697894636 
158.99630879201194 
-35.7034496907401 
-144.8064580290182 
-179.76551056003427 
-33.273387401972535 
179.03855452165678 
147.91704759888734 
-37.487715503116426 
176.3396267261503 
-47.11824388792298 
-35.825977906079686 
162.61580228101704 
157.48617742852693 
-60.3130193843612 
-87.22516979597715 
145.8803790681077 
-83.13862038997118 
169.83398609076227 
-52.78718175689985 
-77.49688027281144 
136.38406002729332 
156.72520993734034 
-26.137580927245203 
-59.28502326697304 
-145.50600529696376 
-50.10147544844033 
-82.1660582850443 
154.5028802901792 
-3.601734705972219 
160.95173842898612 
-50.68165400292736 
158.69679744885812 
153.43868797649304 
176.9058323891776 
-57.6429075435114 
-41.739725081293194 
-61.493361161652544 
-2.6728831807755156 
-48.64495168121661 
-132.8820842474934 
177.10637418868995 
-39.32046407528274 
164.3786447953275 
-52.572507594515876 
21.066128098480604 
-17.69900462510747 
-50.30053364813707 
-44.930904223477384 
158.41014222424886 
-9.022708971334259 
-36.84183507744744 
-57.42634884793756 
-11.848706257967109 
-5.311562320786641 
-58.43408297665934 
163.19641393173384 
-79.39057273767793 
-81.37588034116456 
174.62129072941386 
-67.73626080701725 
-62.48688885329036 
-20.559201013911668 
-91.68414468343843 
-173.57807740168926 
-73.43897387411164 
-55.885149701962995 
-3.1475043453479583 
-78.69590106569837 
-33.288079969990555 
-18.831393077554484 
-152.91910708498142 
175.8198935091943 
-169.5181222686371 
-0.3431366581428125 
-8.679229739107006 
-30.196414937059522 
-46.872495973618044 
-41.33265435068986 
-9.58749725020874 
175.47852959182612 
174.36006185411458 
-168.3513738218774 
17.344843083590963 
168.1724784704371 
-26.043204286719845 
-70.07532767643295 
-11.940968969977115 
-78.3529153901239 
-7.930932872211767 
-25.245984146706896 
-30.852443668283545 
-87.76027696102766 
-20.0862439691108 
-175.70124970378856 
-115.7076353608633 
-59.33032981480016 
-36.983002204543084 
173.2617419873771 
-43.10719497628786 
-55.97016107835957 
-14.622352631343569 
-42.99627749899888 
-62.12513131141571 
-62.28932464980577 
-36.01617245337396 
-85.95501115707864 
-67.78384026168095 
-51.769129215171255 
-90.3278802622393 
-41.69915632031748 
-29.862440442071183 
2.141582044261563 
170.2519408724683 
-73.06906167568248 
-78.1514958180398 
-56.236804440091085 
-0.6325737194962902 
-61.35634013224392 
-12.146825158452925 
171.7781977128665 
-168.13156324616756 
-61.309352372248966 
148.2633168133549 
168.35258111665334 
-9.714331086218614 
105.90024829288664 
-69.89205569206621 
155.59369822788983 
-54.669432188121334 
-35.578320044238495 
5.422321703565026 
-34.83719711553998 
-22.8612533057422 
-43.74742424527378 
-41.422411427436614 
176.86746956567495 
-20.763038574193832 
-11.914507535769417 
-170.40145771657959 
-71.65409835855363 
-74.67687016037698 
70.73736637193434 
-68.49058903945847 
-49.81257596119179 
151.9155564736345 
164.83982050041692 
-49.69150007733814 
-48.575619428848135 
-62.57605462404664 
145.11546525908125 
-29.621179598388014 
-47.02189224107342 
-23.55721150609637 
-25.99554593621443 
18.296946767171654 
-33.35544434015206 
167.31157606902892 
-29.457710819976217 
-65.11504005757955 
-45.577713003343696 
-28.851707755412765 
-31.69870978010091 
-174.45956565556085 
-13.249858708798651 
12.937948772385624 
143.34082630154387 
-148.9225978728288 
157.88975104558455 
144.07730712395664 
162.18714825032532 
-7.6298499294922735 
166.5913968229105 
-87.87468932140008 
-73.19570110777573 
-142.55775590093987 
133.89707739703067 
146.78101636028185 
-54.002593779768404 
101.29521289043646 
-49.31297286340615 
-46.53231592711361 
-119.10602767535505 
146.36335755419503 
134.29842432756348 
-38.374404972481436 
148.7671885619818 
157.62149717995 
-11.863619207872906 
-66.38924693865773 
143.40151860267312 
-40.14995076287379 
-82.51326574027618 
1.1900892881152112 
168.21784320445502 
148.20599037241482 
150.4218030715175 
168.7721390935917 
-34.232593770520374 
155.41628581206422 
-5.103235050663733 
41.38784232284825 
157.5200718066934 
-164.83943031404525 
172.58046970011412 
-39.25723340095437 
170.5360833262753 
148.78175316792033 
-29.046195236377564 
-24.223245262549543 
-46.1344631606609 
138.5376955258645 
159.53346760381038 
-52.413927923769236 
149.40266576881257 
166.55636405760464 
-79.6390599452404 
-48.87075647367422 
-9.911789792712243 
14.032260745893527 
-58.388402181999304 
-82.11169717492895 
-159.32907044822886 
171.2446090540469 
156.49106293500276 
139.4040700158926 
-23.818440132594144 
-46.311461875775514 
-56.69206922386357 
-72.0791817830259 
138.95491988155896 
-41.571075657672466 
-5.692231859478292 
-61.530830634001795 
-176.5741328777343 
19.73132843630857 
140.87656682006394 
-99.95973607933254 
171.03429389486286 
153.79294045427014 
143.02801249653243 
-1.7150749656997013 
150.54405718384243 
125.52368733902814 
154.04358836908298 
134.0655965946169 
88.27361135879949 
-56.59762393253434 
158.0089858346654 
-5.159991584740564 
62.11168662515299 
-33.41681625081469 
80.96567596500844 
-55.11747624624184 
-7.746910329986215 
-29.59178616047315 
22.31186735505872 
-44.4346241650809 
64.70871337601832 
-89.95602650851636 
-12.760822509384669 
-46.84391408138421 
-56.13854402043366 
3.5604749314034994 
-11.970162040574536 
-44.550113177204004 
-57.7920113803355 
-52.46980164624415 
157.37959382463785 
147.79499352776244 
-47.68834733076769 
98.4965924588781 
-44.50825311100501 
37.67180372747646 
1.4427662544809792 
19.427182857458394 
-22.220759601546433 
-42.28564630633177 
175.88584358760488 
-53.150954932436974 
-18.584383602329744 
-47.473996358272615 
148.50290172201912 
179.33907988996367 
-24.900705220378597 
-18.67630168969221 
-30.816359811980345 
-53.267798289078236 
-23.960592833780748 
78.99925666047668 
-48.19853735681022 
-27.706147664914166 
84.448456983505 
-12.952441586658102 
-60.735935621302005 
-11.709534699782312 
159.06161353320468 
-51.36766362317781 
-6.166256260923844 
-37.71473636952756 
-90.39291550725878 
176.54080454971725 
-155.0588832269077 
-19.212525435880938 
-22.065252461643336 
-74.26173934945255 
-120.55974544584527 
157.4355353904648 
173.70844638275 
162.13161751193155 
175.87185230227652 
-36.440752772752646 
137.19993647671456 
147.6051901996241 
-25.756030237752242 
-66.43028136540988 
157.4592987606844 
157.33437312754594 
158.99892534657752 
-25.260170659091553 
-66.20079448401786 
-157.37350489691426 
-175.93277842207218 
140.91284478452985 
20.862268931411887 
179.75473247807432 
-37.79562732104939 
-40.536109238324016 
-43.14315549719079 
-15.94545107696253 
172.45279739485807 
-34.630925587607486 
-41.1110521450832 
-17.32749076366803 
-39.06787716572141 
-43.71525785376053 
140.00576055138234 
0.29376192038664906 
-27.53884753173456 
-25.80518341850965 
16.139381529096756 
-29.24414400519071 
-68.24824893972642 
177.7206027822871 
-36.00269608846907 
-40.21236388297566 
-34.321742676024094 
136.350133303414 
-46.4595563495305 
-39.93456528790176 
-69.84090731165043 
-45.75715763211221 
-39.325916397644974 
-38.71562828159433 
-51.199640753666536 
163.90320344229724 
-50.125710152126835 
-61.08619406671489 
-55.68171553413182 
-39.301185436770375 
-17.692637072718984 
-48.0655692087922 
-40.96615266490972 
-76.32499746174778 
-19.263775852750808 
22.781867940748207 
-172.05653305760504 
-177.42004995028717 
-28.97823578796029 
179.517271212655 
-11.43481167423959 
-56.421227778661795 
-35.10929710515859 
-14.569412333323136 
-59.79090886049605 
-33.1829338737641 
