166.1904092652511 
167.48289493085676 
179.2277496076397 
-152.9525225632323 
179.5895245017925 
172.5137572857465 
174.69120324427618 
175.28420942243056 
157.33815723862926 
174.78799813994095 
155.032984454221 
159.60688009499216 
-179.23021205145974 
161.75889620421347 
-178.83200271444295 
174.5428381133381 
165.92081346695508 
178.2991425037878 
-177.9639670408792 
167.36344665186544 
-8.517382511544545 
-179.00507853314144 
-175.95249326340658 
-177.3329358264344 
-168.13486726440084 
146.31473764229548 
-16.415038825476486 
-178.22354951435926 
171.53659992380378 
177.68793468932844 
172.48026178961092 
170.35625268635272 
161.7523403990051 
176.41632765666077 
-175.54908477659626 
179.63350707857424 
177.9146540908014 
156.80043017993162 
-39.89830204725238 
168.55464118710503 
177.9364078741686 
168.03332089438663 
154.47356098013694 
169.27551282762835 
-164.04361142532957 
178.50867695284714 
174.13226620873027 
169.65188777096245 
179.51947234754712 
-163.45357810329838 
175.62956216280458 
170.6705884321191 
165.90740395200714 
-179.5386864641093 
177.30569048876126 
169.63784667335045 
177.51745525050546 
-176.50900165383746 
145.88421821746374 
178.71477171651964 
166.03107357326274 
163.20252564778826 
-161.98179440936093 
-154.85133895536066 
-176.70623755472644 
172.0648606142913 
177.48131230850117 
156.76226760509527 
165.91024374106996 
170.55613008328652 
163.79401251589067 
9.320594414754149 
178.8322532011382 
-178.62059924899555 
-12.368089111191503 
158.63163894569138 
-176.72880972056348 
-173.77498632370362 
14.677199742574794 
-177.82210929415254 
-175.99965728001754 
-177.90688558368925 
-28.283364783341476 
6.168867484028577 
176.35841084912363 
-22.2628827534028 
167.96817431256852 
-27.47134409938706 
-2.7770857163817366 
-20.002084421144122 
-13.283897456941816 
-176.00139373521617 
-6.618479697157603 
-1.272370921229071 
167.9864215251399 
-20.346361938103193 
-11.64786043476293 
173.24495590947305 
-16.6065135467441 
-17.174040774127885 
177.69066511367367 
-36.573738000480546 
-42.541466959892055 
175.41364713965032 
-17.266366185575432 
-49.07686090158581 
152.7792841008932 
10.174849121871517 
-17.44420069719308 
-2.5327569838487354 
6.5648450659996165 
-26.270895980574153 
-8.416524249746752 
179.84933992131474 
-24.67727617789592 
-19.233640754262012 
-158.0188720433566 
-17.05737197315259 
-174.03913657926725 
166.41316565122617 
-0.2240017686986518 
-1.2778427484821866 
161.15618080272534 
-173.316203513914 
-175.1437665808895 
-2.9053027449933873 
172.7159762473882 
174.301653999283 
-176.25582573639525 
168.79633500642836 
175.60705981039234 
-168.0557296230283 
-22.4539813328311 
-179.70289954483877 
1.730107420891406 
176.47917530776107 
-173.77615117490328 
-167.69180133213453 
177.08847371319712 
-172.78876842538435 
161.7947413124754 
5.277124225012718 
-177.99415218759177 
162.0816317634017 
152.08196528539162 
178.56278145446052 
-173.0321881834552 
-22.057313886102072 
171.6172186680453 
-11.698869607219795 
-170.46668316096887 
167.2433147461867 
179.00226592681975 
162.88822906494232 
172.33142512983787 
-27.108289033269187 
173.07132363740917 
179.05539988140725 
-2.2996455365385193 
150.68212341208155 
6.947411043201528 
-17.241514451384862 
-2.6942487620050857 
162.98520599039298 
-11.648261028374723 
-179.2940010237251 
-172.2186621034586 
-175.86152135953176 
168.74190781451256 
-174.02497868308052 
158.4717367015479 
177.45993486102532 
157.30610037384227 
-170.89790895838135 
164.25003268863114 
168.54591026489516 
171.5433988136294 
160.04762171051718 
-175.45244060853574 
-174.39419445059568 
-168.94336144148411 
-19.425464040420774 
-165.3044923165029 
-152.99187713590152 
172.4881299072999 
164.02452338490528 
-15.32869725897774 
-159.8084046129119 
17.720032889041203 
-13.102807652322264 
-4.610100142041097 
-2.7428918381266802 
-9.05874020141998 
-174.86059068538557 
-170.55631530523914 
176.4133634879993 
18.49459451469464 
171.3741384799772 
163.5259450185698 
0.3964964800261048 
-8.464370506905196 
-16.161752163366206 
0.75253072786953 
171.64219622526946 
-4.338088091644023 
-15.114191146140342 
-24.21292281102154 
-6.71822899202574 
-7.93990564770143 
-27.078917187170635 
-18.1065689074642 
167.2885862322466 
176.22176064503256 
-166.55769089459346 
175.60667966031932 
-0.4043283024323782 
172.77551321380372 
-10.069430810008301 
176.06474521200292 
-3.830189051504144 
-12.568351142577782 
-14.626110327342802 
177.0140262664839 
-178.23402331132465 
-176.54692091520715 
-16.87206637295161 
-20.694192597019175 
-170.6862955697057 
10.132830028597152 
7.4115880323333085 
0.643795381589389 
-178.53454773548987 
-4.277180135445764 
-175.9786247021851 
-4.947285608292665 
-7.4539544969206375 
22.8449521723846 
-17.51746359082269 
-7.433537498203832 
169.584571453721 
8.362423743845383 
172.94542750800932 
171.54061327867296 
2.347028664509564 
-19.181066572859905 
-12.065937661527016 
170.24002036923022 
176.11010885621383 
-174.95583083368996 
-7.266774096855796 
-12.736143823727923 
-20.623637966118828 
2.500619776118679 
-170.43009164993856 
169.41977914123618 
-3.801775852065514 
171.0331772908871 
158.54453828617102 
4.811438071558095 
162.93765925919533 
158.7086115387323 
171.3535479771031 
162.66139427582135 
-12.812576947156787 
-18.719659116916223 
5.647549604793349 
-8.631241164454151 
-1.5883961207930166 
-14.975127467820734 
-175.34388062554888 
-18.863729375003302 
-7.662556479052437 
16.916540441642695 
-12.831948491084306 
-23.519775962571426 
-21.946640266018846 
-21.338454621364328 
-19.223708653222666 
-25.270454997337133 
-16.239528507735066 
165.92459392152108 
-8.049983817115393 
2.2183033886132297 
-173.34962202384307 
-0.8369375676013419 
175.9381227516422 
178.77295892495948 
-20.076159813740965 
-152.497958878834 
176.37594370394547 
-23.408175248338612 
-10.509667596932934 
7.989581438033755 
171.13429013553474 
6.327109448330907 
-179.80578713300937 
-7.500867124450915 
-18.953345460355806 
-169.0569277042127 
-20.23047857757252 
-3.905432503533178 
-13.963957375558161 
-35.024481910706456 
-178.7601445635949 
158.53492240068897 
167.68363601946362 
-4.261846043409558 
175.58102179931043 
165.76708642188626 
-30.76307494093825 
-178.4814038322528 
-0.35644725897601276 
175.06512916208354 
-11.71930129600618 
-22.020596571102818 
174.68003473564625 
162.26381615246586 
170.23482313132135 
5.58783907309558 
-6.546282821744382 
-9.75591200915259 
8.093985276693614 
-175.18188644822274 
170.91142173664167 
165.5585921869948 
-165.5515520518464 
175.4929652645941 
-24.491774251088966 
-21.04146733662747 
-171.52119179693057 
-0.6147743516165989 
-157.82215195010048 
28.85933384913533 
-175.56601888802354 
6.139908651246067 
150.845715508066 
166.64048177311435 
-160.59360996256632 
-179.34523666711047 
-175.54183445132207 
-18.49652250646673 
178.03377999974276 
-176.75191461532017 
-23.990081273059737 
144.30806887813918 
17.949399721205538 
-15.520643522598307 
173.40801882592686 
-19.92946616424007 
-27.280848405560164 
167.92670332810303 
177.89552621901967 
-151.46147528873183 
16.460433533280582 
24.685100569219586 
-163.63076653103997 
164.2944232942847 
1.21326565580996 
152.69676916450354 
174.1928423912715 
-156.79666497215047 
173.79342907056508 
-12.975915438271409 
-23.45349169796405 
-178.46727552065994 
-5.1647387867011565 
168.23798548195856 
5.602566426250313 
165.39206031629485 
6.918756841185575 
-1.7480991594923176 
-16.497950408805938 
-27.763362469557087 
148.99576364100045 
3.8881924670418524 
-22.527310558017426 
-15.584968924809724 
171.67364949909015 
12.136664549722777 
179.47121715566504 
-11.821907956638645 
177.70796442889568 
-23.281840494122772 
-177.6019332253644 
-20.122943461608234 
-166.0070136290154 
-162.29402034520467 
-169.7652481043841 
-9.112043164923067 
-160.88394714883725 
177.18451657832495 
-15.212381699919604 
177.22661413286284 
170.49086809816717 
-31.38234541983494 
166.7590752557162 
-8.656730807951615 
-37.75517325764355 
177.5986027293654 
-168.33021946675476 
155.67990319662567 
175.64929452627834 
-178.50539209230422 
-173.26681231508906 
-167.11312649043617 
-3.667362041102484 
168.6872324821083 
144.56182275521087 
-10.15615517499981 
169.32549100739735 
-28.969454375536515 
-8.87163094597823 
-177.7070437238678 
-15.294473306713485 
-175.86989216632824 
-154.7375004199652 
5.22661280095202 
-24.712659791708962 
-22.47665881835118 
15.213902115658751 
-6.276209099550176 
174.68306596125845 
-17.092526655562803 
-14.941280717545443 
-166.86742340925025 
162.68888856558596 
-175.853406851145 
-177.25269106299302 
-6.185734841603612 
146.63933547994745 
8.20385982898561 
179.67618363986264 
169.38627256616698 
-178.58953582442555 
175.65699524716845 
162.8229485673456 
176.36305369526343 
-6.9449273054728735 
-35.526600046790136 
167.13017621025577 
-9.541287046512906 
167.9452290858691 
-15.979891587944813 
15.797596028062344 
-8.865731047436407 
-26.969410092213163 
-1.9608587628570342 
-5.562849158462245 
179.26641396160278 
-8.299390812257192 
-25.612321321660282 
174.01185024808137 
-14.359266527047378 
-9.32579326351427 
-29.648433967905643 
6.342500890277772 
-165.2884232662399 
-5.452992883487636 
-3.6457705931735624 
-4.267201925863548 
169.48159366855234 
-30.13344904092023 
-5.134847991864171 
-17.041449202499955 
-173.94779311838928 
-15.994658719187562 
-22.406174277660185 
175.49405435785454 
5.821445157357479 
-12.44445181557865 
0.5562973119619808 
-3.6659000052860167 
171.9246123680906 
-15.485547626618864 
169.65579459211077 
1.2232117620747605 
-13.738646994244005 
17.736288445009723 
-13.279991355560792 
27.063594539866855 
6.818984799649681 
-163.6430825320149 
37.550672942942775 
175.21852932626442 
-20.918504832827555 
166.48149086648027 
-27.91413587194538 
0.08455878942207923 
-159.06813916183125 
174.71987859848468 
165.8736806710284 
-16.720495999659256 
-28.54739994428079 
142.62306315813316 
-1.887726131838625 
158.97397785645128 
28.240155243591435 
178.78735733218855 
174.60666395849583 
-13.839877192902891 
-8.247573650987134 
-13.478962760847162 
-23.93453588813699 
179.96261724693565 
21.663251264334388 
-28.553140598711423 
-8.47762689661803 
174.92341502611708 
162.5712355160489 
-160.75010679900308 
-29.279185346608607 
167.4730854967173 
-20.766356167623332 
-2.7290492386053073 
-7.841735754464197 
12.088087522712685 
4.890564221414576 
-0.011270422289272978 
173.69199893326754 
-15.59682788783986 
-16.77813427409238 
-176.6469860830951 
174.37167381235503 
-19.379214647407228 
-1.17765942665832 
-171.543487720453 
148.16872145573083 
176.65715525449374 
-168.77653865531354 
178.22897899753505 
171.86923638155915 
2.0143256490188484 
15.231765680677382 
177.98657779643838 
-15.246023778128878 
165.89635509325007 
169.04868095738212 
-16.05768418261822 
-177.5987332463893 
-175.5648108617826 
-179.06452511988354 
175.8971780585349 
-16.57966985597222 
-7.439048320844209 
-165.64341802163636 
-175.64899251227837 
-13.323369823939451 
-173.7810517533732 
-173.16652219588693 
-25.082133031075625 
-13.456463608239062 
-12.001229076714688 
-38.419199130937024 
-175.3371365961861 
-16.58241843362217 
9.063422373412175 
172.40364792293627 
-8.840043361973969 
164.6321781025316 
-16.078222318613125 
-28.452863997530244 
177.98092139721047 
12.01478384530778 
-3.725581118840453 
-175.00274838177103 
-25.479052073615833 
-9.779972194415867 
2.375403302055021 
7.379488970985256 
0.6907935998245978 
177.80346258875025 
3.1203820256935226 
-12.228287363412154 
-176.3009870881302 
-174.17859708076094 
-16.870341281833824 
135.19915412232572 
176.772911204272 
-2.6993245576660803 
163.44820060961825 
-11.87093933736098 
8.467115655458965 
177.3437616145929 
-34.76406306450667 
173.94602390631263 
-177.82820043919472 
169.39518971703427 
9.526398139472237 
-8.211127153761145 
171.27465114711185 
-32.56598467037106 
166.95846285640195 
146.66948627431802 
-29.96982071306791 
-172.24637831145637 
-172.8423280727099 
37.824711818169156 
-2.0754651443344727 
166.80977561113096 
175.57144029929233 
-178.41295497231366 
-177.44849035853315 
-169.9782723307408 
-173.84827060166063 
-172.9823936800184 
-163.52846841731886 
154.10935895058543 
171.40184529309425 
168.92990088402433 
172.16036173293077 
-175.052093529627 
-163.84423732248848 
-179.82809943414603 
-152.67112967931357 
-174.5812637186766 
-177.71693749083119 
157.447827250776 
15.689720246720446 
-12.55940826892619 
-159.6816966385174 
-21.00005828884304 
-3.6755274974125864 
-8.975536339724236 
17.852072982017166 
-171.2537828563382 
-178.07878766263764 
-5.183785355867477 
-26.694787850234228 
-174.7175344657453 
-177.04322533670552 
-176.97061344810407 
-9.675011288616824 
177.62043067725324 
-179.05774707411408 
-173.00346448229078 
169.2986564954715 
159.43174260908222 
-176.80411434546886 
-21.97030721011007 
166.06974265180494 
-7.838627376117485 
-20.558618129983294 
-8.76370047597315 
178.16419166825472 
-2.114918180819542 
-8.876254600857798 
152.30719153205396 
165.4745175921428 
-24.633491598610508 
5.557159384341753 
-174.4485651248589 
11.421728287274723 
7.293699973972286 
-175.5289055121501 
-25.99254761892216 
161.1665566671487 
-13.803844332406369 
154.2616188880521 
-149.44802210662442 
151.7290399583988 
-10.19821030927682 
174.49859669147486 
153.3479690210786 
177.4787674175223 
170.2108066302539 
177.84405965584486 
179.7600432224174 
164.94447490896465 
17.139495627867415 
-168.19184608587867 
-171.8407156922389 
174.9143432328681 
174.57368877658197 
-1.1828539894466423 
0.5792505262508354 
-1.7995887897705893 
-20.558400523538783 
15.237012793744972 
168.95604560811458 
-14.207607928131727 
-4.170863292071642 
162.32875527633766 
-178.67536492726182 
-19.684748213179834 
-22.500864380065487 
175.01249643694294 
177.90026581076182 
-177.6307461585949 
-9.769359572856105 
-1.8171021333446673 
-14.234718562256223 
-178.40023132196842 
-30.054781475848976 
-6.022024009547329 
157.7754427571397 
-8.884509573924433 
-171.43241878435694 
-160.74130462265396 
174.25023271096805 
-2.8609610430068173 
157.04363992868738 
-28.258488691315105 
-172.80227546456246 
168.96382900051037 
-10.479908949070806 
17.616231345289368 
176.6616277834679 
-11.23728736973476 
177.05546144516055 
18.228854611271082 
-11.153593228776012 
158.5792245420343 
171.97374599402318 
-13.372667557303565 
-171.25593588241668 
-165.21669071602062 
-144.83972740228296 
-179.7794595343847 
164.94503432790648 
-35.12823256091578 
-179.73166170593484 
-32.20467590842354 
170.9156684738066 
173.2032942198812 
174.34479956007038 
175.32134384660696 
-177.849335601849 
-15.48151075222909 
-164.78054631087343 
173.5468936540648 
177.2791685221051 
179.76983007281385 
-16.015116247971676 
157.52473706190824 
-5.494833522061363 
172.78470458132298 
-12.7355945590434 
-30.656149656767205 
164.85171874337377 
177.83679053369008 
161.01107432132838 
175.11303324099325 
169.49859945123285 
174.6818970215615 
175.40716260171487 
166.29392451402288 
-179.32198360948968 
164.08556607758422 
17.211111470375098 
-16.92314924631281 
-176.00355940406044 
-170.65390545360742 
-18.421575778751286 
-178.3656140010644 
156.10367065583216 
-6.174872568001419 
-163.5483730493048 
175.62813495132272 
-17.95956403004115 
177.2007840969199 
175.02898901027677 
177.51436241808884 
150.85684668343623 
-44.22840294403278 
176.44629699797875 
-176.23798825773972 
176.8438352345105 
-2.3491179128437922 
159.15181223250465 
174.69541901087447 
173.67974485421882 
-15.529989077536385 
-16.626924321856293 
165.11138227346845 
159.83633878105326 
169.57069414860945 
151.61648287870744 
172.9832039602991 
174.85363304813197 
9.417116892895242 
167.43409782978256 
-16.15285495553534 
179.68104658745338 
161.60237701821606 
150.42897847947395 
-3.5153853199710263 
169.1245671802713 
-24.99018332582715 
166.45891683351496 
-24.762319665455024 
0.04676928547009196 
15.066222848950416 
-4.132534859068349 
179.87432509711243 
-17.67040243871964 
-4.84233302700366 
164.59030134502143 
-11.734338654845871 
179.3117203721815 
-165.8465591066199 
-7.2751680049579495 
178.89561179537878 
-177.53371241626277 
178.64242034498574 
173.25366697249413 
-175.59068056475425 
-23.39620853535746 
-43.4840246647739 
-23.50358815833958 
10.891044587047928 
3.070476931961345 
-7.700746278226103 
-177.73869229450384 
156.3921436636601 
164.85904802939592 
-174.1390312322313 
6.812996385407702 
171.48134821315185 
179.2633117183572 
-166.9617572555911 
171.95929009767943 
179.42132975814928 
-161.16963487179495 
-9.468594820689853 
-11.738626108852964 
174.5653883674948 
22.616651013991593 
149.16693588898892 
-2.2003822922996674 
-168.77341849346394 
-1.0561313708218354 
172.8402882003582 
162.5860524680782 
176.2679625262694 
-172.64143464784644 
167.83133106528715 
144.89397245487407 
160.00592303128087 
175.97607334533302 
-17.724018952047846 
-6.84051813075114 
-13.39075695126637 
2.9795218744324954 
-175.75783316409886 
-174.99427097242804 
-7.892024416373862 
-177.06029848909182 
174.70021224546562 
177.1928864064217 
-30.91205431128703 
-168.97731193343876 
-0.06493480988311327 
-23.375798857816367 
-17.990894094500565 
173.84423372911672 
-173.1353529464233 
-15.722800531087826 
3.700897873494433 
-25.547628468318372 
-171.38728229379572 
173.28264165750934 
-5.866484410782473 
176.7935344543283 
-179.72659373981742 
-21.128199620461668 
173.56657354360945 
-35.2761511104108 
159.8586747317939 
170.0028125961259 
177.33833139349125 
168.22706743728858 
-174.19503380801163 
154.61748000736554 
-179.51537862794711 
-170.74334498834992 
167.01465514684517 
170.9007389453232 
177.2617494420173 
-176.68098214312542 
167.83623999434258 
178.84078861024113 
-0.9759920383541526 
175.49619471540444 
-170.56125639169613 
-179.11985456148565 
-6.542375681995868 
177.68224902328612 
-178.9922604520726 
-173.1199150654787 
179.01633843958408 
-177.00195694062458 
-166.22507192388642 
171.91504964689062 
165.76407647566668 
-178.05110888267018 
179.96278558779468 
-34.40471872716892 
-177.20362007540814 
1.0165789447444271 
-3.4183908034242516 
-50.30996485805696 
170.51242663173687 
-0.1361585047356606 
170.01329772555002 
144.09533691576456 
-8.908947668309542 
-177.2464721967122 
-25.232377793682193 
-12.053158678701626 
-40.284239944321165 
-161.90776304366574 
-175.08593874549734 
11.945411286838535 
-22.557534437893672 
-4.323107985322948 
-175.10612471749693 
28.361762876711705 
-172.18127926467824 
-168.72842486672087 
-5.8433514957523345 
-165.336436728603 
-149.47145557002116 
-26.92975895262057 
174.58795275592232 
-179.81120231611752 
-28.805609332781117 
4.492544032738169 
-174.47256144431438 
-44.11289906311752 
-10.5773909492342 
-178.48357419522517 
17.41746656208547 
-8.987149801081676 
-22.34319304700903 
-2.938254852312394 
-25.49430041877513 
-20.094939775273982 
-21.28853988977747 
-19.57052360998844 
7.458799792986571 
-18.895231905458555 
-25.83825060400854 
-9.337400117577376 
167.76009452656547 
3.497375310321933 
-29.828412447921448 
20.954917738793107 
-18.12084424973164 
-11.853416476568688 
-14.349086754819114 
-9.480787813450728 
-0.780671209123055 
-16.481524358171153 
167.69487837374115 
4.53992212420126 
-173.76797025188185 
-5.873192425704016 
-12.295481774337292 
-24.078351032088737 
-164.43588148659742 
165.4841590595323 
-11.789551666782113 
-152.199878483071 
-14.135341387621494 
7.7693147427297315 
-9.29929739784336 
8.375395259717287 
-24.250506910500725 
175.3638290992605 
168.29557555555576 
-9.881338942661893 
-19.899322444658882 
-13.597187861219883 
-6.855119691806012 
177.74720317782132 
-30.17980372857953 
18.2400127973788 
-3.064233692880714 
-18.600015225246796 
4.377556301766498 
-17.669615198987888 
-31.6262855574996 
-10.777991996710314 
27.17098219468273 
-32.4665490715743 
-10.643469391947406 
-44.429503748145066 
-27.96640981526138 
-12.400224803561194 
-19.485667636180697 
12.656096345070152 
-14.256200091466905 
-7.719920859051117 
172.50538664712712 
-5.19148313758133 
-14.336135897737432 
165.3732595422482 
167.21487118606547 
-4.461712568724659 
-7.486710841291258 
-8.044001625018318 
163.0422262811517 
-4.832966940875847 
-16.09650464898349 
15.774536310983285 
153.37082798308924 
21.525964874714617 
-1.037605528245948 
1.4820564085843013 
-27.317152648591406 
-0.1696650708553841 
-16.949886939222292 
-16.553910022832802 
-15.185044205667712 
159.3536846832526 
-8.621200721388156 
171.85730335582065 
154.1655976285591 
-6.958308425186511 
-171.70985352636674 
-29.359573053495087 
1.0473525409997873 
-27.5028016297569 
-177.2081193917825 
-7.623140199507795 
-9.514102720401501 
-5.939111113933446 
5.090241695845891 
-30.00619753145582 
173.96243695543902 
166.66043171593134 
-1.9912620331146773 
-13.67698147620851 
-0.8935732489464497 
10.083762077415614 
-23.19499341851812 
-6.044543756976608 
-19.404942610410707 
-8.138494852987742 
-7.207760542931621 
3.478732619585076 
-21.33131758697654 
-178.04092264435982 
-49.33867019353025 
-20.23733164683413 
-35.49500358390902 
168.47145662424137 
-176.09972958404924 
-23.68488959490966 
7.051990107437238 
176.51779994842752 
10.123595165219683 
164.17569989369653 
-163.20134540005697 
169.1548519409039 
170.38550484345714 
-25.358951107133223 
-5.362388888921651 
-3.7565457776812465 
7.047173799458994 
174.8216576325739 
-23.03277659944781 
-26.447707511014155 
0.9684867660049874 
4.460511778299938 
12.120230541914683 
-173.83708194073262 
2.5473241417216648 
-166.78845974377785 
-19.12456870581418 
-13.062510470545313 
-20.024527216519974 
-1.4594385876768674 
-8.992873772287894 
-10.621452378564062 
-27.65054533074179 
-165.19864313777737 
0.8281948916803678 
4.31108717718156 
150.81434200681358 
155.6253760427893 
156.82508778755587 
-26.928480419822343 
8.308906002702557 
-19.734708185892988 
171.93304618553086 
-14.979784197595341 
171.4121693139156 
173.1077904232019 
-15.137358517566678 
-172.0474738071256 
6.685267487025962 
-176.85075535850407 
18.946904226037148 
-13.263260355579432 
-4.027207072108534 
-12.053387363593012 
-5.429248270286027 
-25.99806458913192 
172.04810101522034 
-168.07614369198006 
18.50055847190216 
-17.234095960682552 
-21.473374403500692 
-173.75161993639622 
-2.4328120207725954 
172.5221843183413 
-178.06632791921965 
-23.990035285128734 
15.163022716164729 
13.724954464479863 
159.76763455999495 
-172.9306373829852 
-9.749608012144433 
129.54606052552944 
-9.011649385899286 
-178.2691120605992 
-33.405478663649916 
0.15271533934827483 
-176.36691108473104 
-14.742609590320809 
-13.065413776237442 
-173.4453115769815 
-10.412946139245456 
172.95784645651264 
-1.849349293406479 
167.384226635354 
-18.451625807730522 
1.2044062825433013 
-14.009435165010172 
169.43694722726218 
155.57619959550084 
-174.68300422669355 
-4.897720452042282 
9.732800347922357 
-37.05726371328884 
-15.754304887927004 
-6.588070907426561 
-178.35553942067588 
172.1002335233557 
17.003834194786265 
2.1296739175723203 
156.46541579890192 
-25.06184220721124 
3.0047013656426884 
-10.552046960837462 
-179.65113741720077 
-8.829543187007813 
-20.955280327706106 
174.64583299654208 
-25.73515758929583 
-23.638301553201064 
-171.37532052969433 
-21.110650223618887 
-9.538761643335738 
-176.77250900146862 
-179.2904635979349 
163.77455792308555 
-177.71083849266188 
-175.14434768334962 
162.82256111554224 
179.688310315479 
162.91086822528433 
146.8454842603209 
177.82027843712197 
-172.36130532488068 
2.894300961206009 
7.8270350690026405 
-176.77845886001055 
9.867458250938668 
174.73384713848296 
-171.12375804561555 
179.2281279601646 
179.63570029213088 
-14.148927077583268 
170.13597047448235 
-176.9419791711657 
178.97692772075266 
-29.080939534473917 
-10.33739186213036 
-162.92456456501517 
-16.19330174664924 
174.30851802819973 
-178.92215099945386 
15.326067125462124 
175.19403942816032 
-179.9850432300149 
-171.83618250433017 
161.73529933348607 
-13.336893191170924 
-7.834009950514194 
-171.85763200808694 
-175.4684696420804 
-23.944344348256703 
168.06619172866036 
-1.1739645966063692 
-16.564835185396632 
-5.6340969022968475 
13.546657237071777 
-21.042379853991637 
-8.632963725993312 
-173.57648641269327 
-146.7503084398085 
-8.307339629647121 
166.74667143561936 
-16.689623008016348 
-176.25109476900582 
10.368907806890485 
7.481618307771027 
2.5464352111213167 
-12.826586301725863 
-32.85763171386963 
6.028327262692638 
176.6539825225077 
-8.27758854726323 
-165.19581842153602 
166.56898668311413 
-30.029263716029938 
-18.836782841265723 
-12.457856892729763 
174.17145474301103 
-8.835292755174757 
-5.148845372254688 
-174.59562158550224 
167.91403305368152 
-161.08966556147476 
-18.369331654431022 
-15.524961539666796 
3.372232778322169 
2.5607852209857676 
-11.342981954840319 
-8.123547380573255 
1.5848234325656636 
-12.993965787228612 
-3.07108443220192 
175.40037973003774 
-5.42626632358998 
167.2195086338628 
161.36383818989438 
-22.078187364580465 
-177.9733837367067 
8.829833521534407 
-19.68164575275997 
-12.704483586398322 
4.579657510155727 
165.12679946291712 
-11.478580702097176 
170.52989707383358 
-13.652048654470038 
4.421136472525594 
-175.52458519584326 
177.5424837506603 
-19.94645562796037 
171.4290867116183 
167.36804009127263 
-19.1752074340148 
-13.615399214119234 
-0.767508979569978 
-164.36428278192327 
-6.264755157428251 
177.08075965695681 
177.60291663506865 
-179.64161814811854 
5.713111260531147 
1.0782945294026274 
2.2202714595828588 
-8.63575426532942 
170.52834678503623 
162.7728098277845 
0.9989807003804112 
178.06759925087104 
-173.5677804553642 
-170.8747877421835 
-168.69955386562663 
-175.248236772794 
-8.5869669790897 
-145.3828873756614 
166.6366954874942 
-6.696883157842853 
-179.42823475883802 
11.733733742394195 
-36.19963147632811 
9.607449163815456 
166.03017824137186 
-6.951023890649768 
174.87951803181696 
7.169586996631891 
-172.65874437093007 
169.53120912850883 
166.4821223056546 
0.4151882554292671 
-13.332858725553072 
-27.846573757340355 
-174.1922930269309 
-22.50905040323871 
-14.767187567786207 
-166.6717729221383 
-6.627938454181522 
18.55487989091969 
4.859030125536397 
-13.62520761485473 
-169.51611231644083 
-5.164261821112196 
-15.45385604289015 
-43.82228201295592 
-8.007509419975964 
-6.864971267002843 
-4.272085846782306 
-5.632372769747754 
-166.40347013686318 
-175.06219209064975 
-0.49561439616233005 
-5.763352847971891 
-176.00478858271947 
-11.06971454913839 
-164.0004875714701 
-10.03364932076648 
-171.83568380335262 
-11.460143286037459 
-7.492596730467426 
6.7658818840989445 
-6.277074968334664 
-11.492786122123267 
11.002166797090707 
-13.572706680823169 
-8.767182817594621 
-24.976960799382606 
-5.53804353889173 
-2.345760751609704 
-178.07497714210174 
-6.987364857421896 
-8.846831909522189 
-0.9887264472392313 
-2.035125315404198 
6.357388324690579 
16.936571122644335 
3.713890480443787 
-7.982319417373795 
-175.95988348317064 
-2.903497927717169 
4.978440444247969 
-9.965731901783561 
4.937638420056672 
-172.0769893462592 
-7.416919744338716 
-152.48722039449814 
161.7222006562575 
-178.998497492437 
5.112038667679098 
-173.92824902878732 
0.44627699682295163 
174.19107312028544 
16.329388536542464 
-4.496604348093936 
-168.0692466319796 
-21.47612556580228 
-156.34372075253538 
166.71073696357226 
-178.8936492478901 
173.1786535345924 
-173.77706740455983 
-2.3217934720671893 
-9.363002613589957 
-176.09265945246045 
-15.476221456437898 
-179.60410050332948 
-166.40995570234324 
-16.694908821533694 
-175.38700887702842 
-179.2308717531997 
170.866173518854 
168.31751261184533 
-173.77647146149997 
167.2606432490178 
176.92450464747634 
167.31777677518912 
-177.63365500714 
-171.36275187194772 
165.70384734407781 
174.1537954076723 
167.02688674859124 
153.50274669601083 
-158.38913137947907 
-179.12136087007946 
174.05452134445628 
157.53150707731083 
167.04361094741367 
169.41743270155922 
-174.36443794110434 
-163.67169410082906 
149.1247667111805 
161.92819953062656 
170.3334637761148 
-170.92130575452745 
-171.25110788300472 
158.9822644420648 
-13.357281041162507 
-12.270884384368431 
-169.52255428535258 
170.45815059729992 
-159.89925781520785 
-176.46781203931116 
175.1562564563144 
-22.195619437811065 
12.54862626758129 
171.35279599393084 
175.7378519510532 
7.746582255648731 
158.29119122038807 
-0.4063924161909716 
-24.773273501881302 
169.38903208935852 
-24.457154622400985 
-161.42121394414087 
20.46521924620384 
-10.163192775441441 
-8.046758227408025 
-176.06748434445143 
-171.38947460907858 
172.1208903688155 
176.41297258685938 
-7.715277499657764 
174.97479503429446 
173.7825482953454 
1.1498974385886627 
-8.28774714824566 
-179.05391191513482 
-26.390466405328407 
174.61495226504084 
-11.435238444973654 
-22.2476413173854 
-0.18460982484570101 
-30.10921210175811 
-36.561403896949976 
-17.589556353106946 
-19.419822985902655 
-10.929987375193962 
-177.4706746996451 
-15.561413989521833 
1.9761403868911085 
3.276043723383335 
168.13005563914788 
-35.56059442998393 
-6.561984142895437 
172.60919261100875 
-179.76039856519031 
-169.26695831515096 
-12.744177033780387 
-25.51356902878224 
6.830347602204507 
-10.724704681942734 
170.79051617853412 
-4.944418162837188 
-20.006392220571044 
179.662942689231 
166.350603124449 
177.19761722680292 
-12.381030911918268 
-2.5553616983849596 
172.95762787684998 
-178.32893891916632 
4.160232861596522 
174.18841119971717 
164.44768328085726 
-179.4862755872741 
-177.3245684336478 
-18.43483951176286 
-0.1871278575290047 
7.951202173364234 
-179.36431055681982 
-9.19636254476651 
-9.274231218672085 
-19.906621002586768 
-1.491407389479075 
-168.60255789679184 
168.37702871513653 
15.174334899123048 
169.77475790879743 
172.0194230862281 
-15.102843025025832 
-20.950264031384965 
-17.794747071063433 
-28.967858270539292 
-19.0335860926197 
10.956698217335958 
-10.613330911814778 
-173.78518574997636 
-5.689601607548018 
179.32479460686045 
-174.8536303100439 
-177.952991021628 
-175.48636867503774 
23.415951126539678 
15.649188543210492 
0.31882180543145017 
-5.056219818745099 
-161.29063962304073 
1.9359338895572975 
-5.058760115429172 
172.19736664153297 
-9.068039994818397 
-179.35491733400687 
169.7925855728956 
-176.76955374522794 
-12.076090712519605 
174.6920410129763 
-28.569304177185284 
-178.1316754246597 
169.06088328575964 
-172.19423968802403 
177.2835875162704 
-12.132768667779976 
173.14044352739162 
-8.920335889706221 
-20.752561932056484 
-172.26007781280467 
-1.902944367997231 
-40.3726357094663 
173.12495016627923 
175.73048784811664 
174.49373178606336 
-179.21256618913344 
-10.882323327486986 
-2.6866103019775864 
178.0150199592111 
-171.3993806983031 
-173.5530454098249 
177.2486853016379 
-14.071015846413921 
-171.96582289006002 
-167.71905254332333 
-170.89827932862434 
175.60799396004126 
166.8623097997233 
157.14055585622 
-5.483231396389513 
166.77148946936558 
154.4797499044523 
-177.53030403668095 
-10.962882608398775 
-172.43961152302367 
144.79830470834972 
-175.0763787318846 
169.01964957632876 
-173.9208526163679 
-172.2918320522294 
-22.439843486388476 
173.10455023012918 
-6.880776606370292 
-18.274534342480255 
5.9787337471125035 
-8.624453500267972 
168.93216477492604 
-169.51714218773841 
171.7509969556904 
176.9276176077167 
154.82631730607426 
166.29066392057 
174.78863548308172 
-173.86208199371782 
177.81725443883244 
-171.92005820897748 
163.94529765468081 
-169.4973940696109 
175.9457127773889 
150.22667536496897 
163.38499670401663 
179.7201438248925 
175.76195957797856 
164.94652438981242 
161.2464912330532 
176.1965953870097 
-176.9100940953296 
-26.34664070193996 
-175.73285678355015 
-38.24202188419412 
-177.26748145284196 
161.90115380355843 
-13.388528829158082 
9.485828431351091 
176.63197271030074 
-174.23488523566056 
-0.9186805040718411 
1.0464949697476937 
179.5551888431182 
-19.4362484537642 
174.55232153920772 
-163.45731507260618 
-9.165522549990392 
169.3370250926771 
175.86184364981563 
-175.08633734336956 
174.08414233088536 
-167.14585852458913 
172.86221807755354 
-177.4396874927303 
4.0258662570665855 
-177.34279919307272 
172.93849114275196 
-175.7279901614486 
-173.93893171278722 
177.99250364394956 
-172.44293360410964 
-13.209736229418205 
177.18667391182672 
178.28163095825178 
176.3830975285607 
156.03212301577986 
-12.425981411160945 
-7.0491185296901 
-2.605254762571083 
165.2490849734473 
169.1888587279289 
-176.97019667572252 
3.392756677496641 
179.16553440127382 
-28.612027860209086 
176.33686191332401 
165.95025344053582 
166.42854269659824 
-176.54889514161385 
170.8163680364646 
-13.412262018576369 
-29.373136177889148 
-6.174435902484386 
-15.294664958741976 
167.50712883536607 
169.86150322929916 
-173.82148602880352 
-178.39108960098818 
157.31029428555962 
-18.93963214332085 
-3.074798750419197 
-158.8712528480727 
172.023250564161 
-7.669732225220293 
-150.13117189927326 
-171.98926884503453 
173.22008157752603 
-150.16083984382556 
-15.38197298127282 
-25.959385943666625 
170.35209910019208 
-178.990273084431 
178.41364614384588 
-160.58866115875531 
179.243230187804 
146.41235611275204 
-13.939325549874495 
174.20523006128764 
176.64284161036065 
162.41474361779123 
-176.1999106893972 
-18.316058908736387 
-8.6548340050504 
-12.426920925190803 
-163.6773631531127 
-177.20548445453417 
-17.521807836749716 
175.24690173373466 
16.925735590694586 
178.71147177783533 
-12.114070778624571 
-11.067478464755919 
-9.533682635668335 
174.1555053418719 
-168.71153695079013 
-169.26595276084856 
-31.33122489583957 
-170.69635213749248 
173.9164468099562 
6.697950401792681 
-23.363064571654178 
-176.84200074552035 
-8.116422528013201 
160.88172496883493 
169.66648791222138 
-14.885133735256018 
-172.42922316606501 
-24.062901317835447 
168.94916677742387 
-166.4246381784192 
-175.1095305383317 
-161.20332655528165 
-168.96044925115473 
175.60398039037486 
-162.8991859136448 
0.12751954027502874 
-32.082001378005636 
-160.60956575826938 
174.343992388319 
-176.91300230842776 
155.63577137416536 
-162.59090431096018 
174.31659175542302 
176.21235296731837 
179.6987630692827 
173.44094074992785 
-176.59316583359495 
-11.569351475475822 
-13.113511193565548 
179.83634959175671 
-179.4232355236856 
179.4642878937176 
-173.04081945036612 
-9.02113310762886 
-178.33210992861967 
1.8963129018503164 
-19.216996493712944 
177.6845665729016 
7.591067874194844 
-12.928332949858428 
-5.662244798378826 
-11.170981921006517 
31.15678111377195 
176.7620708696886 
3.134293951574575 
21.27821406456634 
169.4486310736561 
-174.63765400536104 
160.86578555459704 
176.9212901104907 
-14.600236181914795 
178.64281073531882 
-1.0208533456902003 
-177.4967814116282 
177.15277617794632 
-178.67166554926945 
-172.28665231370027 
179.76431697059854 
-177.12128543765093 
-3.8208114589301063 
-8.052354490720777 
176.05827471655343 
-44.76007987904684 
173.21623126651863 
-170.29259084295683 
179.0737168984028 
-168.00232064251628 
173.29508239329476 
1.6141711587910241 
173.1546362635914 
176.92808856118023 
-173.48015835597562 
178.892899289024 
173.79660949003195 
157.57644288011568 
-172.11338984809342 
155.53460015704778 
-20.74849819207013 
179.54543103337758 
-19.970243984861092 
-171.57000070525302 
-15.427153434841676 
166.4774636301013 
-177.78847980193825 
24.786299316887664 
171.78164075239673 
0.5804352073118332 
-14.96811951267663 
-36.205306668374476 
-26.310134210331533 
-132.94468918390007 
-178.26370546184356 
3.103276386235713 
-176.3784199829853 
-2.999274295484153 
-22.25441779469727 
165.12672519371918 
-178.76065640159436 
34.652409355559655 
-177.00990507028274 
-157.040639062118 
168.30991407497464 
-14.057899722889621 
-170.5255551248794 
-172.19927716389358 
-179.36290488302825 
-170.43535812341815 
-19.31316930597826 
177.92542784683587 
-22.515610261474908 
8.132308347402004 
173.04395129350615 
-167.01588747091367 
-177.31252365515513 
-7.7722614693955725 
168.2191550444113 
-156.1817993343385 
-19.853315625248918 
149.2101859191504 
-1.6176955639814936 
-18.006308921590165 
-18.18063884459382 
-175.80167538036676 
-4.690783936414257 
171.77838027228617 
-177.5008810908149 
4.9382970426686885 
-0.4671023638197497 
-24.765196055334478 
174.57153418035654 
-32.03784496553686 
-163.03424246691526 
4.608156945561597 
-170.24335395997775 
13.581794572900428 
-163.77831499913506 
-5.144199778924908 
-174.12469501170204 
163.9501822586541 
172.87561959654616 
161.0868986196392 
178.23259251303008 
179.38820100815929 
-22.309721130792735 
-175.63862217479095 
-16.957369551296154 
152.694889653832 
2.4413321239143104 
178.54916076753148 
178.79915470955592 
4.281229762015272 
-23.082593153790704 
176.93784982222107 
10.75889885831972 
171.22125402562153 
-10.834682475422737 
175.73086228932831 
-166.84589035709195 
176.4894958368217 
169.43128656477083 
-172.7821253034706 
174.81136860356136 
-9.901056438128773 
-172.63559742860423 
179.34565017659992 
-8.80314397615738 
-30.97653881983468 
175.17851843281332 
-167.90460066690113 
-178.69130634352598 
179.3015434935685 
157.92719336193122 
-173.73268735165541 
-153.95182855421507 
-177.80916395747062 
176.76785271460426 
-175.12296678619742 
-179.46144442788903 
164.61334566976433 
-179.45182302933955 
-177.820672239974 
165.10604755652216 
161.83036108929082 
-178.01961013584335 
177.80153995609103 
172.81802369960405 
-172.54419236924073 
167.43025632484924 
162.79569560418494 
-8.295875383781238 
161.72788826753893 
169.96661315305383 
-173.37611860608945 
162.85386002049535 
12.967623046193735 
2.219547947227872 
-174.46848075831838 
-5.778474256681639 
-174.52228364683413 
177.28862137930952 
177.3185355203934 
3.897493963562656 
-12.107803416953377 
-4.342879846313138 
163.05796994839562 
176.2817102749952 
178.79660522383762 
-162.52962253918955 
-173.16540058152415 
174.65246555346386 
-176.1224391963494 
9.101767080423743 
179.82673232896047 
166.79987153911821 
159.19786861350835 
169.65505430582837 
-178.78264669294725 
-169.48385141146457 
149.99943916593912 
-176.75177794088933 
-14.551645994251677 
-173.50931425966976 
162.14244112712086 
160.44938436173024 
178.2968639996132 
-179.48271737296471 
-175.4288845563056 
-19.129814659568336 
179.01613227375523 
172.73324998055242 
162.9798966604103 
176.71106448094773 
-5.127206393492376 
-177.91113324068564 
177.37175835736463 
169.0995997065565 
144.71415919077197 
-172.12083221944306 
161.46271925936838 
-178.48836560975002 
-174.23320797207845 
-178.439685745453 
176.73550150947642 
160.6200467137876 
-179.77786111150414 
12.610500856663359 
167.13045753052637 
173.6618398124583 
-173.50233987767004 
178.45887547851464 
156.1545357981395 
173.30526128733058 
-167.64015819251114 
160.07259368851587 
-6.012867459298785 
-164.66253557419276 
171.02388083372307 
154.82068267235303 
171.61193009635676 
174.15988469583854 
173.10162026753002 
158.41560558805176 
179.1613829721435 
168.90428099324293 
178.6609486900792 
-176.53994068339912 
173.68769351870995 
-171.5177871643343 
164.73693134290022 
173.22412710110376 
-177.19117822468633 
165.60888811320044 
-174.33161014052152 
-0.9439645749905295 
-174.69785426887066 
-2.753175377590058 
166.32782675537618 
168.37166084276726 
-166.62659934649366 
175.64663999075094 
-172.04245723442546 
177.89178971134817 
175.68237338021103 
9.8583714184898 
176.18184359476444 
-6.664296904292053 
176.71855985254294 
178.71587631017132 
-174.64419222762461 
-5.627704745469836 
179.6317746621161 
1.2075227477981252 
4.219869213386277 
-175.73004817013003 
171.16334990588658 
-8.170059111444731 
-23.8310370318534 
-173.53324423273696 
177.09380181658187 
-164.99512822737594 
-176.92247865648673 
167.6843857582979 
173.35285069232535 
-178.71980926012372 
172.235010149966 
18.209261036537022 
30.397656734620405 
-36.75130667207549 
-179.5561684552698 
10.497330583795272 
-23.05190065131667 
173.32134130541849 
176.71733813268088 
-8.24235704818277 
-16.19324970610575 
7.708923777203185 
172.26453586274184 
-19.89565859540801 
-174.45847270610938 
-12.479992838550233 
-166.4511905173212 
177.0859573948531 
-15.752089684821625 
-19.175638425825376 
-6.140441378698251 
-2.559600174455211 
175.41784622223727 
-177.64204119017901 
-178.29888696050295 
9.498165660506677 
-2.562053230078631 
-168.5863136948026 
-37.187374807940955 
179.72031750584176 
-179.74569705014025 
-22.51844169368389 
-17.2457476566727 
-37.731465053404165 
159.7588502190267 
-173.3244601997821 
-174.79044787415503 
-14.144739404333588 
178.1025141317859 
162.49232104928 
177.1027094751118 
176.6286283867899 
-30.137053711127514 
179.82422610163093 
-8.509492778352849 
-170.2588179439113 
6.500305053018374 
-11.654233816101538 
-10.462649728493775 
-30.360699518766296 
169.94024915692083 
-8.052003045932247 
-23.376267635578696 
177.07118412049348 
-13.570014464141938 
-12.232934689664443 
-178.39578475104392 
-15.302989783088758 
-11.772817041391248 
-0.23364237322370704 
173.07507296771726 
-34.3002858100767 
13.183757633395988 
-171.57499282523312 
-171.10703114317468 
11.976388288071908 
-21.013018354228137 
-23.77159036482188 
167.7915907294007 
-6.326529859029346 
-176.2889380795664 
-4.384788392033125 
13.105303041896496 
-177.365415359437 
-164.14515811106094 
-29.80688100102429 
158.76599706783375 
-4.539429642682591 
-13.569184097244108 
178.31637181826528 
177.38486169077322 
169.74435319498016 
173.9503242072459 
-14.695501156332243 
-20.03888829337502 
17.75651325969682 
-49.29293108896705 
-8.874375998820774 
155.25764517884542 
-165.22515455399775 
153.4694105231611 
-177.30788854580376 
-155.5444353175151 
-176.19445866541693 
-166.9661066470572 
173.02863582247278 
160.99974798506403 
-172.2470618961156 
177.9414761959246 
172.0327548114493 
169.01320690984753 
-176.55063866873306 
-2.6107619896022176 
-173.59357372531062 
-44.237125843993006 
161.45428252350848 
-19.978211293847423 
170.7446293303415 
162.62056073488353 
164.19046893922342 
-8.818951395262124 
-14.855995281506736 
21.49335580484181 
2.448203221092304 
10.263733287637072 
6.184737602504697 
175.22368023268007 
17.455319680893993 
177.76310973596932 
165.20318092659244 
-28.370991445592267 
4.526426558923569 
-5.748224396440711 
-32.91083413785837 
-14.696615051283558 
-14.425175401441354 
175.1356733096945 
171.89744664317254 
176.62320574172784 
-179.47365893229195 
-177.15675988315022 
-172.53775691722882 
7.352973201335739 
-24.289486114742374 
178.06400766006524 
175.86475931909067 
-166.9520653249918 
-5.338283623203189 
173.2300123926097 
-20.111440149345643 
30.911765961699775 
-177.9302265650222 
-179.10465269373677 
-166.48691403565473 
-9.176923114361596 
174.4678178492625 
177.70971937461982 
-3.9033597341533155 
-167.52377443078998 
-30.3243794659212 
171.0963585885227 
9.727841471721694 
-175.1568429592752 
171.7336849725343 
178.11454401874204 
-1.5401777613214076 
168.12348389929736 
172.29364317396497 
-19.86020589473282 
175.60402553870065 
-9.841683070184358 
15.821559268484101 
-43.94097685646253 
162.4734018635791 
-169.84303555900237 
-179.80025449416334 
-42.524118869095815 
179.36382860199097 
-178.5756360342788 
-174.8732195473804 
-159.67538444916494 
175.3786912453077 
-176.4809697675807 
155.3643864717669 
175.1049570412905 
-171.70710016888214 
176.17938159424745 
172.64545744775413 
174.5758687930048 
179.0413843952775 
-170.60148059602406 
-175.01237579164237 
144.4624612133548 
-9.434312930414306 
174.1981788245754 
175.69352546264315 
164.70852193599202 
-18.54189803464233 
-11.88113330402232 
-179.69307292859628 
-8.542573416427915 
10.2573112771912 
163.8618559011917 
-14.676321524388454 
-169.37487462616366 
-1.7913127722720312 
-12.752043086129722 
-31.685133725904553 
179.2204957448106 
178.2148885088695 
175.72169072888366 
-31.734175906561088 
-176.6372742584556 
8.425073533199061 
-19.02782992829464 
176.0472575476152 
-9.266456692570443 
174.6346806146388 
179.16670064151427 
177.63585216747205 
-174.07927001179002 
-176.79084635851783 
167.48984355584926 
-16.279048175638565 
-28.198476873733497 
-2.133476214157662 
174.39355874302066 
-178.53419630486212 
-172.68518563549512 
177.7388571439345 
-163.48087778664313 
179.0693806946485 
-179.17562110375883 
179.4676666259555 
-13.127966344975489 
-160.2566018528617 
172.31407343879582 
-178.73128289645595 
168.29208969515756 
176.7037720222091 
-173.31593963251365 
167.0542325659318 
-168.38796702909715 
-179.41425213339355 
14.786031633010715 
-4.726742515130572 
-176.88051766904402 
-179.61125219725906 
8.11807371977933 
178.18535197071202 
169.3050714793279 
-179.0797507422583 
-19.822760452350494 
172.24853785582843 
170.45374876014742 
178.89522483748735 
158.93935796310228 
-1.1235382710981534 
-169.59270226033584 
-167.9219969583942 
7.724412308219581 
175.5639724770469 
165.97935509784025 
-16.215802173394035 
156.08882624586195 
-175.49201379130992 
167.20833555381645 
-30.162776871602624 
177.32282524497853 
-12.315804706513463 
-28.717616188660443 
3.8818205825467462 
161.49667956120035 
-40.55055151923519 
-29.073600615313453 
-35.057649674666045 
-17.95200085991288 
-178.19950089036774 
-14.251536578891239 
-20.141726740807034 
9.416777491126778 
165.98802408296032 
-17.861316951721683 
-6.935068790908502 
171.81409796838196 
170.43105508161474 
-19.436479172237636 
-171.03641748746605 
-6.603558123055964 
7.658668244179921 
-5.307953764771415 
-11.652962714752274 
168.65348467985538 
-169.99538182346632 
-21.520006942440197 
169.54742789332784 
-13.05678155782221 
-20.536441366515625 
15.861033903779544 
155.62686288716642 
-19.78430089904784 
-7.935984820607527 
162.14284729232253 
-19.920921741941804 
12.730763293699882 
172.51955451788018 
169.19653385985072 
142.70442348951676 
165.14881327087085 
176.49946832600494 
-30.23808513837748 
-14.127736398297055 
165.92638324838973 
-13.083341425186028 
-5.3915778413428335 
-7.0685416268795045 
-24.14530833276769 
-7.5474091425831284 
-19.4123993415555 
-169.64430127779127 
159.81229340180394 
175.6311780356323 
163.73071647470658 
-15.528664759319819 
2.3431317105259803 
18.368618836364547 
7.777379417431266 
0.969236195520675 
-157.22035881740817 
166.03611284714066 
-178.44212943184746 
-0.43346293079686177 
-18.544467244291493 
-178.1539350046021 
-179.9980880736621 
-158.11976330520392 
163.56985714217137 
179.50616555391977 
169.68982753607185 
169.2834237627586 
-20.26448435894532 
-179.31402765538263 
-175.34163390527326 
163.85456680754288 
5.079386147345377 
164.5382578369245 
-179.28713021493795 
-163.16953560051374 
-173.73906860672076 
168.59755463340093 
-171.42011305500455 
-167.79139952776566 
-15.778110957463936 
163.965992623044 
-10.705153480270996 
2.679277401464991 
-178.54034151031394 
-175.85232537967232 
-173.848696497604 
162.56329886185395 
-177.75416022021298 
178.01349533992826 
3.6626135024216895 
149.05550820009356 
170.46236069542235 
10.734389487506562 
169.38029601966338 
-16.56374180419517 
1.005871198915833 
-31.33502372243451 
-0.3716540877556029 
157.3016657356889 
-23.607945040482814 
-3.1355884917604455 
-163.67079930094184 
-172.04789457636267 
-6.160650336591294 
177.7947765082563 
164.2725395213907 
-19.408439179084596 
-14.63899357422384 
-177.17009389759843 
-0.6556415156095264 
-156.17928982109402 
172.81490621195093 
174.39489140333018 
-19.63806306759957 
-11.962121193473143 
156.26918642605818 
171.90537186026333 
-11.497775069888855 
-15.075177686234284 
176.31345884062068 
-158.29639236650306 
-167.59345914007648 
-2.3023413585932264 
13.564147116350869 
6.186814953894867 
0.08120761990159707 
-41.30954805404082 
169.3586178845573 
-4.195320966042443 
-3.8067174017235184 
159.4512502175656 
29.29525957869084 
-15.15195874089934 
-17.559314833225773 
-12.928100847295982 
174.36255736387423 
-24.513275536402016 
5.655929372565003 
-18.496091978100058 
12.78650774767882 
7.951582244982382 
19.141835280214806 
-18.978324488978824 
-16.90487306307619 
0.9703582444739255 
-27.65175087476823 
161.33633955924813 
14.775697044356043 
-2.454349451049853 
-7.6624005885493 
-20.553162863365895 
-31.076208310432634 
-18.261702966626054 
-17.222964332962 
6.094607876667768 
-25.852831633918612 
-8.889809592687236 
-16.73805793519632 
19.7274173830594 
-5.490979165504153 
-4.685586018729189 
2.7178170565394466 
-1.913908866485261 
-164.3012567849898 
0.5015604233058937 
174.85506903381125 
0.8316196651439726 
13.59724292619898 
-13.531180669090833 
-173.29281570307523 
167.1285474047836 
-8.475377448500092 
41.75831669142215 
-2.303049839730424 
-8.715667054958015 
22.114814868380062 
2.9158709464596604 
171.36586280941637 
177.772046971868 
-12.380468761752136 
164.55811108784783 
4.799313009064163 
-166.667176857407 
172.51292676441275 
-3.0578474058351275 
179.21599029182516 
157.80434558011123 
-179.77222007534886 
171.59996225421438 
171.22268889073405 
161.14751459150773 
1.425514022711077 
27.404648143515743 
-25.532352110162584 
172.05008995523676 
-15.121200310813473 
168.43783676943642 
-168.6845359040248 
167.7364547546703 
-2.179491122394032 
-38.23336385165431 
-18.799106782797548 
-14.692098233993175 
167.56209424321875 
-19.43962830606014 
-12.5848430883775 
-30.549170349266106 
15.87112114366576 
-0.6473955558684408 
-155.89515249935454 
9.705744963558336 
-10.411012369351957 
1.2882013426041692 
-9.778885399783643 
-15.252345848580662 
-11.185384609417737 
-32.65418559116776 
-12.988470577236692 
-0.08603456623431273 
-165.09957621845072 
167.7621293892157 
-29.72608089196456 
-6.122081639889203 
-16.652647144068784 
3.7549403153974077 
-0.10794687695192842 
13.14442325934998 
-13.693272968670371 
150.05555557046685 
-9.609706893447441 
-177.89467265471046 
-20.594484041291683 
-19.903583501495383 
177.98586208385663 
178.62895695943797 
171.11781567162362 
4.913092713914227 
149.39550433767474 
-26.93760880847408 
-4.204611315021164 
169.3670270969699 
-8.185385732814233 
0.10687255949630585 
-26.12155354024486 
-19.60962022093208 
152.12721282729282 
-14.785800429389607 
-17.465273211511445 
170.20989215400752 
1.9564055748522384 
-10.587010282707253 
-15.975147928430388 
3.2910968141037547 
-36.143584733446346 
-171.79419651602504 
0.6769500788434971 
-27.727733026796628 
178.20164268968483 
-15.016294196221383 
-7.9926554197995925 
-9.8941800106679 
