162.6121845607835 
-178.35883361431394 
162.18188292576576 
175.42089022750463 
162.50521110233043 
162.0344890648725 
174.5831789327735 
-179.8445262629544 
-171.3170458670403 
170.64386471473352 
178.29647793004696 
177.26804361535244 
172.3007226828344 
-176.9787290558329 
-159.8527590056832 
175.8402860221653 
174.17088053183818 
-171.9606844640701 
164.2371597733079 
179.60966316653534 
-163.71141909413205 
-173.80888290112182 
178.4412441329803 
-141.87094918719012 
166.7559625618927 
174.13443043213118 
-179.66101968000766 
150.61498463310224 
178.76976572767265 
-174.8832672832406 
-172.7916413317146 
171.69684261082102 
-167.87046931996176 
173.1422906045575 
-176.6186525411309 
174.5840587715791 
166.03309843511607 
173.47039613803116 
157.28056503552042 
175.69979712288406 
175.43499874123646 
-162.24811529582254 
177.75224527867948 
178.21001245357917 
177.14307953041728 
178.5992293305404 
169.11276402303488 
-179.85251953266078 
168.5465405749783 
-174.69254406635065 
172.7521385140297 
169.4315368905661 
-169.96875064858256 
170.00107492813783 
-10.776279671832336 
-168.55052059252404 
174.81554022345503 
165.63128677615842 
171.7482526428756 
-161.59365635796877 
172.29210205917627 
171.29546990143032 
175.70086546703607 
178.9080352770476 
171.7013205313155 
-176.36975995572212 
179.72223831392273 
-175.67340102296936 
159.31160672957927 
-176.65723531308802 
170.01567557156662 
176.33357826731495 
-174.54177036137153 
174.41980934281756 
-32.15640620925725 
-175.58886158476648 
-14.202788778183821 
175.52057920955548 
-170.75278223334578 
10.153368473770353 
-17.545795853696024 
-11.540095509505226 
162.1081177649294 
-5.443664114885769 
6.785142475678408 
-6.988981598218025 
-179.73316473643806 
11.537936917117316 
170.19931745012033 
177.46370243055335 
0.5059040847173347 
-4.008629128775642 
-175.7508848119996 
-10.942552904598312 
-22.303670579360094 
-7.606012695086142 
-21.952165252266827 
-24.608003860401894 
-175.76946648589853 
-177.51231978131173 
17.234665398907353 
-176.83076808813442 
-6.90762024129392 
178.59240014261277 
15.130798057400376 
-0.30327715506940395 
-29.88104452310404 
-167.4647927828793 
-37.92008022408041 
-13.32071527835238 
165.4289002659283 
-8.378148780255634 
-177.75451632469077 
-10.845438412499883 
-21.0902715223431 
164.15939862764793 
-25.40821865338822 
-13.894881671274858 
163.23710714474674 
-4.182191536863684 
-13.47873542303029 
-7.1039487472102065 
-8.305283071677444 
177.15077000933346 
-176.6921141010436 
1.401880732351673 
170.04874011458963 
-15.450843408682486 
168.94330079125925 
176.6433923653042 
-179.1707704968143 
-9.34584437409941 
-179.2444531627882 
-168.20117119375521 
-4.724609322869307 
-158.54055415654844 
170.53651228830591 
179.33488737778396 
171.1671805951665 
-173.22976595920807 
176.51193294483986 
-171.41866178011432 
7.715017103144446 
-155.72366915025543 
179.1623113800556 
-162.5124255366025 
-178.1007444430463 
-165.23336941141454 
-169.62333038975427 
-9.918542023319304 
157.34568770535395 
-17.222141161925247 
178.6776341524464 
157.5868507162779 
163.1353158406302 
175.14466874068378 
-11.98704759237553 
9.06358608089035 
170.33009969709337 
-177.36997058648933 
0.5916735686588325 
178.55334650779483 
-29.178252177998186 
-176.16703376787646 
-175.31677704759022 
-5.285712342985382 
172.22567403361057 
-179.2799370862816 
161.78633905944483 
173.00205457182247 
-161.94895603084336 
-169.36367026174366 
-171.9314812504126 
173.62342920816218 
178.60425883138853 
178.17517935981436 
173.63842838003765 
168.19821928930628 
8.113304577950277 
171.47032366429062 
33.70437937743527 
-175.55026261117584 
-1.8043836070284027 
8.010289354424039 
155.92305645651746 
170.1259599858733 
15.243906594611717 
21.109765099084868 
176.59692233540048 
-172.3397309629055 
170.56042590972925 
176.3812591957103 
-7.0534492950479 
-23.15856388971192 
-16.465302878479847 
-173.88071583734148 
-8.20595615333712 
-10.261416081702443 
-24.709257348046727 
-14.587861165810825 
1.363981148172721 
155.3021215468041 
-8.12470001703176 
-22.88810497085944 
-18.123391988606773 
177.27751395436624 
3.7220728052710577 
167.10542340222034 
171.1825495902954 
169.59881158260762 
-3.42335183870621 
-0.2187515748761031 
-18.052620749663422 
169.42269064297253 
-29.102645342066122 
-176.78682192349262 
-18.320790456363508 
-173.4324793417914 
-19.00305100896453 
-26.143453578784282 
-20.32472312792329 
174.9592745904468 
-170.91928058813102 
-9.013063127903914 
168.2322422269174 
168.2154881542131 
-176.35181450685494 
1.957998106618476 
173.08560145184603 
-168.696534826197 
-163.64959734972757 
165.80069382161076 
159.91112363344422 
-32.70690889316038 
-0.4898838953530893 
164.77567965660958 
176.93419787235177 
171.92597612497872 
-5.5764065691748685 
-20.029543846886572 
-14.251775252603768 
178.38391478209087 
178.83539063174578 
-3.247180002160402 
-5.554443414076021 
9.801242636903696 
164.68955142216024 
9.987895454597062 
-4.599678043594797 
-22.740136548480777 
1.9277596255709726 
-5.009338868801446 
-175.43390162912144 
-18.800016646467647 
-16.770286716560506 
175.0811290320646 
177.84329136214947 
13.752988024840983 
175.64354587252495 
179.39147404568408 
-13.236096920398715 
-21.052451245700198 
-3.1979932657835133 
-167.5208817136029 
175.134455584651 
-23.308723055674832 
-176.99772259622605 
-4.867060660816894 
165.84701958156214 
6.0966326783828935 
-178.4166362779158 
178.6043603926675 
-27.58990625414307 
-13.839757767810232 
153.59313645237242 
-7.993100311940157 
-170.85670497791864 
-1.6081025616179518 
-7.730722594241332 
-18.278538385563635 
-22.946087751951396 
-179.05216775011485 
-26.667527757762645 
166.43374985442458 
-148.30177784204326 
179.69062111536692 
-5.384547492174808 
-11.224798324875024 
176.53537447237144 
-11.760027685088858 
-1.6422973447563476 
173.98479349279333 
0.40158487790390923 
-12.512502426177525 
-8.437693670028336 
-176.26404194558708 
-8.313022891156727 
-12.062411367213043 
-18.026938176278552 
175.12689261503624 
-8.730481315241548 
173.23124359259455 
-11.204291701784324 
-16.089863776981435 
165.55658610500598 
-19.756079778740272 
-138.47396785940614 
-16.05665120637956 
22.581522173686675 
-0.0907601510151918 
-26.720012141342856 
178.7903011135684 
177.06997618459928 
158.31009960133798 
-33.20259979099482 
171.3340267899374 
173.29437288822396 
170.81768642423748 
-172.25410683898392 
171.03973334056553 
-178.92370157557068 
168.49137028942707 
17.57844806967251 
3.783896937125126 
-23.560052541648616 
-179.1486104956639 
-18.456661609197585 
179.0595435662419 
164.4733856427399 
-176.21642229428465 
-5.845903639531235 
175.15253455040823 
167.53945104531113 
-10.283403135416702 
172.11857464450046 
-167.39539866397203 
-168.49352402551466 
-172.22618813475037 
-170.67318306488207 
172.0862735821298 
-167.20595361286027 
-26.08644607584037 
-6.792120077557691 
-165.9229934036995 
170.61713932932082 
169.11168863358793 
174.16868519299706 
0.8968851414362206 
175.30094435701264 
175.38761169632113 
-163.99620085051828 
-0.17926191303480368 
-10.857195351374395 
175.31100667198558 
-31.694290183490867 
-7.461192891249281 
153.60589153785645 
-171.6365641552308 
-13.803345862574012 
-6.853335237783834 
9.974866505830601 
-5.0921817103032305 
-8.635219357745278 
-169.44597933866044 
-7.721529611804876 
2.8140019373030514 
-158.9048675776869 
-164.16311057675944 
179.70463302510953 
-4.245107559035073 
161.14169101729001 
-14.264126329295998 
-16.59899246450837 
7.745528071564511 
178.7509950227949 
-167.6258135468648 
7.311386628957321 
-3.296052204302946 
177.65365614070282 
173.0817776913806 
-169.3169992243887 
173.62110611967532 
-1.7536657882085476 
1.8701217225101372 
170.73971836462985 
-6.412922063777262 
13.22705578874477 
172.37393773027443 
157.26999014842505 
27.24922419584806 
174.6208009262505 
5.028935085415149 
-3.036295502362482 
-174.3874805655349 
-167.55412765028453 
6.45971861079956 
-174.24592005880487 
176.79320130972928 
5.2388911701736 
-174.37984015437752 
-150.7414235510664 
168.38070909047212 
172.83231783343646 
0.22903436727952 
149.8082295686954 
176.1222828277919 
-177.60071066893045 
175.70335311140266 
-16.714373790171454 
-46.15482455478943 
8.891815717607995 
178.58184300879233 
-167.83559739173884 
-162.79009347392508 
-33.723622758200584 
176.48039142922417 
169.82332226670886 
9.417049898321405 
179.5618176259937 
162.3685277441706 
-8.359681146542968 
179.12278456822517 
-162.55518199456787 
-171.77775564521033 
-174.6803983506112 
-166.55887917055202 
170.93454043051565 
-169.8899858822956 
-155.8134097172646 
-21.90153309507347 
-7.667630303527008 
178.31523025241341 
-11.023887709539846 
-6.625799839584151 
173.58443852648955 
-177.27150046844412 
161.14224067036196 
-10.415063109866532 
-172.2585767755195 
174.12905796474902 
173.81241644333397 
3.5672650506330634 
179.63017925449245 
-10.459982564123328 
-11.904043611145504 
-9.293222258387589 
-3.2319324801997595 
5.77046845437241 
-8.135587957114709 
-179.98472504588705 
-15.683942146635166 
-35.75191500970451 
170.7943173639037 
-4.63094850414023 
6.571394647928093 
-170.47758141434102 
-2.7574288320753624 
-9.568499764649664 
-25.661751640215623 
176.5745849180695 
7.6955346008644945 
176.84087392861466 
-176.98609786929836 
-178.05775282091807 
179.2699239704587 
-25.143743767580055 
-14.900643763972345 
-24.414779852660878 
177.22272377786362 
-179.02720982797396 
-179.63312223051952 
-168.18271499957268 
-161.1368531552835 
-12.325115460537207 
-36.08700531787564 
173.85629967684878 
178.51657969746196 
-0.3991941974140089 
-7.51923410974376 
10.185594217392477 
177.99928570793818 
4.981719766383755 
-14.45353389706742 
-10.137568964511312 
-13.731720032811396 
175.00872814925296 
0.10924505765321865 
-11.180755713025933 
-27.639671710496714 
4.008407396716744 
4.831113317563502 
-171.95347501456672 
164.81865083643063 
-5.44071908192749 
-5.306979230818538 
-168.35747009859156 
-5.087996250918068 
-174.20774268346628 
-18.461240861846324 
173.13057688457258 
12.216723012405087 
-1.4859404892181491 
-17.144444031934302 
5.9906268553740425 
-164.90132964998077 
22.288282191113588 
-13.903342964860233 
-20.703584671956815 
2.9568882220295825 
-165.44804890141094 
156.063685310523 
174.80510216021113 
-14.540095875030543 
-9.113410027815544 
1.7681604110683213 
167.73883364276261 
-17.552411052205645 
177.7202339004162 
171.40765672411922 
-49.33418118035636 
-162.7421296678267 
-177.1942580059928 
-173.75457695452062 
171.66028163791748 
156.69241761735077 
-177.3135135528355 
-177.45607678164316 
5.293567521042095 
161.352874045779 
173.03618494442304 
-24.069605804402602 
-177.2671282698045 
-22.78872975576155 
-15.934801412169026 
-12.661267937456056 
-172.72633037848613 
-179.87687200018928 
-6.272663808786445 
-12.318027250738846 
-8.702764123830612 
-171.5522937199648 
-20.53480263586672 
-176.78914938392074 
164.67957763234818 
-2.7251064848364908 
-10.781469001735454 
-169.60803715892825 
-164.2424144685607 
-49.05408390415417 
-179.19874260754509 
-4.108673543504803 
156.58628358074492 
-171.05273410357944 
-177.93457681407895 
3.426469159468071 
12.694944765417322 
-3.7393328319169665 
172.795826834897 
-21.027618147600375 
8.821142631676349 
-5.901474930470194 
-12.60084438191267 
174.5063701766564 
174.80570020046787 
-14.656020274400248 
-10.680518853078558 
-1.9205753302409738 
2.5231028127879407 
-19.934662051495565 
29.083877013126056 
3.309779747881865 
-178.83417417565087 
-178.68699058426634 
6.267316424992987 
-33.73711673512573 
179.8418232877732 
174.3304033060712 
-161.30301196107288 
164.84004777629607 
177.64666868004522 
172.94275683328712 
179.3342800887355 
-19.081219478367075 
-10.890678139096728 
153.24037989633493 
-25.81809259405436 
167.59530668348842 
176.85663644313286 
-177.81128620439887 
166.98348766480774 
171.59457316102285 
4.741468544583784 
-171.40757154480227 
-2.5406985044549164 
-1.147219780956399 
2.0038692202531143 
-4.144378336634305 
-12.477286522044816 
8.386540475172827 
171.59720152376224 
6.859748662691316 
-165.7832150645149 
-13.436422974135356 
5.6949541467505504 
3.6349065363333635 
-170.38381166971564 
6.053096701405895 
3.7620450508204444 
-166.35774818157086 
165.22264392670323 
-153.86220193308887 
-166.81720557959275 
-170.98436500620423 
5.788543500699665 
-174.37582219237504 
167.1171136557185 
-0.7881122113444369 
-16.65086522951642 
-7.380272921138901 
-23.74827137275369 
4.586212718679096 
178.81013429904078 
155.64223775910375 
9.4523489765885 
-0.8492553501102335 
-163.7347913401239 
-6.09258200081343 
-178.8051902213285 
173.77022645640062 
-3.4921112272290444 
171.352791060321 
177.28654269862312 
-19.063338495169486 
-14.519996238481273 
167.14442190570364 
179.43287793106697 
13.063067959452239 
-13.780466389280074 
6.211289956678651 
171.0529702432288 
175.66993263099738 
157.62319623427632 
169.98704770607304 
175.7199210393317 
-164.667757106033 
-13.350429391905251 
161.08899682384032 
-0.804190108443069 
-16.107979918336422 
-176.5789500723172 
-172.0732229375998 
-25.999044296841806 
157.97934975242438 
13.821776175326304 
170.58806795026703 
-166.30376474028793 
-15.23966420628348 
-10.611572066668831 
-7.583332745184583 
-171.92044926295185 
6.911340425040395 
-12.661372508841614 
172.48022246291234 
-176.03638182527766 
-7.767085516276699 
-3.7264120563031975 
-3.432133707484889 
-14.235318716977355 
167.25828939980693 
-1.4597006382690747 
-165.0572200672804 
171.80857841138388 
1.0200179316027775 
170.16337729020907 
-166.18011116021177 
171.7873577720506 
-179.96216569615257 
163.1370707752648 
-11.660836097516292 
-9.784171651555459 
172.63275044090196 
-174.2231264509891 
174.1580746931364 
174.99277312965904 
-177.54146351230995 
1.035956026025327 
-10.898501751091274 
173.32451326739692 
-4.730757376063453 
177.47826191939677 
-14.198969948505505 
160.4195367448743 
-10.870100925072737 
15.630291710533642 
9.386966571082207 
-165.38172532339942 
170.4293656916512 
170.07980555249532 
166.83385250897476 
177.81885899430878 
-1.004242764213835 
-175.43081143398962 
-164.4783399872178 
-4.054315235858203 
169.67766920957092 
179.74404045073393 
-13.886238329611551 
168.31464023490196 
-20.953884388437295 
-178.89069181027622 
176.9344885431815 
179.04318543307218 
168.30924027603552 
-175.86255659327895 
-179.01357388587786 
-21.576223650063877 
176.64715301782815 
-173.1425375885674 
175.90279786004385 
-8.08927391896634 
-174.84286535937477 
-179.7672614701782 
179.3100026358275 
-13.46225991211545 
1.9580464961486985 
-6.9860587468536295 
167.93727739908576 
178.16646423580852 
-167.64877781020624 
170.76523425709237 
-15.513986218680907 
-19.55373911439459 
-170.54170892723732 
-12.498970801302333 
-169.67200626628212 
173.4118047339046 
177.52329504372997 
177.42831521745705 
179.05177883145566 
153.25848066039552 
-172.66903741622832 
-176.2923915355917 
-179.62736506933686 
-176.27724379369064 
172.84714499374502 
160.3608828946687 
174.9123681877064 
172.14303473406153 
3.9176836696668302 
172.8563582044707 
165.06609237646364 
172.60358876336926 
-18.018313035198467 
-168.81697923713375 
147.51379639401404 
169.50719709220198 
179.0168012343515 
176.02116003254423 
178.75135452078862 
-172.38714010457315 
155.484903548487 
-5.746389768432984 
-20.155935427670734 
-1.9493952914371595 
167.07360634473758 
178.36974219721037 
-168.63953118895054 
6.291236804680786 
166.8927699483758 
-167.5844585626911 
168.85049731901157 
-18.291323301676293 
-170.78809190251332 
2.604589367075327 
-167.57591782949362 
167.0595131867292 
5.114198782376346 
162.04034947458305 
14.272727405144824 
178.40247253576774 
-15.082525564518406 
-177.42701866225423 
-168.0012310292349 
-162.54011689755555 
163.46451763469193 
172.21391033085996 
3.278448465715363 
172.78434572905283 
176.16601929517333 
7.601116808427964 
164.56996009370036 
166.74152211543316 
-179.9893600363792 
10.17258589645663 
2.0953632162103464 
172.2262584841776 
178.39398384165955 
-13.788075601138889 
174.8254497954613 
4.58964201253718 
177.08815415179242 
8.024862981013992 
-177.25053654040687 
-29.44145762383895 
157.31014146810915 
177.0037754845658 
-2.696531191630832 
175.67421263861797 
-179.92831302144774 
147.30500466321763 
7.6784149658882725 
-178.56263216372162 
-172.6578017326687 
-11.704437308892881 
-170.74904174501236 
174.35654644605756 
-13.18819440214828 
-1.9833829508825127 
173.51746287795123 
-0.8177579204091692 
176.10235282023157 
-11.235608976242975 
-0.8925783601748257 
175.01791281608146 
-9.786110981158012 
-170.74684717554828 
171.11252269844763 
-2.5952511392087727 
-176.66440527954828 
-27.627400381336255 
169.08989034259028 
-10.890284385245549 
4.119871737161428 
167.50125303279845 
170.79470362035212 
-177.98134163381349 
-0.08318850097944795 
-176.4568672890007 
-24.23817017604243 
-11.41866447246823 
-171.8254298514755 
-1.155481785566829 
179.56274486186234 
4.396576458420011 
-24.014296555865805 
4.575529382682493 
175.75024248140846 
2.210325970544585 
-21.620625527086254 
-12.986087897602722 
179.63319974133563 
166.85501859592512 
-171.8158315972082 
-17.86505513011139 
161.800782338659 
5.919465615100405 
-2.5575540599896063 
-15.941189555799989 
168.43357551812463 
3.4104548559842875 
-177.76490834630076 
173.3920624027133 
171.21451315157572 
9.611167176031019 
-177.22360331326212 
-177.57505372484974 
155.93157284083742 
-168.34638264811664 
173.3393840413787 
-19.731596916502667 
-20.932820510900516 
174.5850380589765 
-11.953429046297916 
-20.924357189537336 
-178.95390634224603 
-25.07732660842477 
173.68363954524355 
-15.58556313921225 
168.88557866549843 
172.61901943409956 
176.03388157360595 
174.350604103859 
168.09177875813728 
6.4250105606577455 
-14.601703063783711 
171.52454034483222 
-169.18472675068068 
160.44426768249335 
170.4379027447756 
173.00545041095006 
-21.676824529497473 
174.3909307497756 
170.02786262957278 
170.08990978417975 
162.29849207359385 
-5.484958409969117 
-167.32162751373818 
-179.9785313228488 
-162.96659755263164 
-175.31102089052658 
-170.53113044626218 
-179.69911131281359 
178.14534204033396 
-171.79944714957597 
-174.29938646604302 
-175.56030206409082 
-8.749875171733537 
172.77967956058856 
-173.26880132992176 
-10.6311031203812 
-168.83709019634225 
175.13394122519492 
4.681633176885495 
173.95530162861368 
-174.4855982794873 
-169.46172470382922 
-13.079689989505807 
-162.95627117230396 
-25.12773364434482 
-164.07825114075283 
-2.1028483228698267 
-9.65529117600423 
-174.27697712861524 
169.8132957387499 
-4.859322568992983 
178.38269423472622 
177.85505600953235 
2.7577283612431396 
9.290899281304574 
-1.5112565686903336 
-6.303352243721801 
178.27178199397565 
9.034857636137602 
-6.584081897339116 
-22.977039385121945 
-13.21602339884834 
-22.165389353321448 
-8.150083258885997 
-15.827011635125036 
-17.481207914416395 
-20.424851395227257 
-7.597094971786841 
-14.076732697366026 
-2.985816318954868 
-4.870232896653685 
-9.944836580767756 
-17.66239159571443 
-15.050110893226542 
174.33594841803324 
-162.42065755021144 
-4.485141990797303 
167.27621065129458 
-170.4929840443095 
-4.295436380439283 
-179.3050809250961 
-6.434316646410365 
-9.146022202491162 
-0.5736500454066005 
5.202908701458832 
-10.932285278711666 
-170.44529130403103 
-8.79745291440039 
-0.9197815470598334 
8.87451264698954 
-13.077230479926776 
6.213797796417575 
-174.20722839164912 
-11.90641706447769 
9.301967017112185 
-179.96065095527163 
-3.0734734601560394 
-172.71403625560956 
-28.44728001340161 
-24.67426204130752 
-6.9715439756716435 
179.45881492689247 
-1.5639040615338444 
5.657049698370728 
-6.707157863804564 
-9.545332801768701 
166.9938664845957 
-2.862555657641072 
5.7235519624494176 
-25.635097287668426 
-8.927377476252524 
177.11966042197693 
-16.50634750896798 
-10.521242471540992 
-22.44822280493708 
-12.259306565443902 
173.23414618397968 
3.406259968981276 
165.87821778222533 
-9.484115557808176 
-12.263529131768841 
-4.902809360878472 
-11.519634388395326 
-7.911157263403418 
-4.121315936796593 
-4.472177273495386 
-1.148614013963796 
-2.346287601190328 
10.359740714590819 
176.3669551192475 
-172.6238904975647 
-5.693745947233085 
179.7059681594568 
-4.857669295738549 
-178.39916268552773 
-29.252067150924958 
-9.321277998020557 
4.229953686552399 
-8.355210955906417 
3.906691791470144 
-10.705920528867864 
8.610723210559202 
-3.2328691584637905 
0.13523594299804678 
-17.951801264895067 
1.7705265153157363 
-8.461413849645954 
12.265266553611468 
-9.687111143013329 
-1.4886381369655823 
3.2029245767197563 
-21.61996905374068 
-29.33593953351095 
-169.0848699824452 
-0.7215091171439942 
4.466422815631333 
-11.854962178577061 
-10.719459890626725 
167.9912933898058 
-173.49836198607326 
-0.445021559789376 
-168.4398431738957 
164.69560831759668 
-10.716821948294943 
14.994417547445265 
173.1678325100573 
8.09943477766852 
-164.7641424936574 
-174.64695757776644 
-4.419831057129472 
-157.06734067679764 
-16.360580706900894 
2.9922083684585035 
-0.9142319457501344 
163.9462698493974 
160.1159353548196 
157.4207765184332 
-3.230648649851326 
-36.81585878028174 
-15.749065645135092 
9.230325708389522 
-25.134224674462853 
-4.424809668053786 
177.4326890496394 
21.300424396613096 
-4.91314662542075 
179.48709671548318 
-17.298850534317946 
-163.33914334066017 
-45.87736141602867 
170.750732682755 
7.292714889682938 
-6.344195877871156 
0.5238241019836889 
-20.413731193880032 
9.436746252590906 
169.28169504253927 
-21.616695319903453 
-19.066321529032606 
0.8653149533748629 
-171.17087270233773 
9.900040455996784 
-6.577782969212212 
179.58866372699416 
6.280136276677119 
-23.38531121274434 
-22.05702664842568 
-11.172812420166425 
-176.52670667095842 
174.06006838376908 
-177.7397259228775 
-173.5549265068896 
-27.068283665507643 
0.7836245995903597 
-29.230046057643392 
-16.063109903346785 
175.14208070303445 
10.491215291234177 
11.158605948096051 
171.8912770798014 
-16.685291870710028 
176.76158558359998 
179.7140320910589 
-24.48105858301724 
-179.1943219066219 
-10.539172181357273 
-4.4360020995943925 
-14.19799187641974 
174.95508072811944 
171.8535731630684 
-10.565837386167134 
178.52801428931056 
-0.42723668336105025 
-168.42369698865195 
-171.87765793955887 
175.28646869845596 
178.03927938069035 
179.44695269999855 
-12.528152586451931 
179.2951391038669 
-1.883744700499069 
176.70146561324194 
-11.323943462415254 
-172.32686138151942 
-15.818252142981676 
-15.33883316353292 
173.4873214356279 
164.18620030223084 
-10.169154193515613 
-179.05941051662424 
-18.074030307188696 
-25.695483509249893 
-0.123430974292808 
-8.634092953237715 
-171.4800146213909 
174.88126551921013 
169.06685909324094 
-16.41130201413405 
173.22609325001696 
-174.8704754589867 
170.38601650042276 
-17.49259505862992 
6.139760374008158 
-26.457937376560583 
3.9644926400678053 
-8.22584989465121 
-179.77604612274172 
176.06266056814033 
-167.5396696850393 
-35.748222732670165 
-4.179492023479284 
175.9267058733549 
-174.61407468391408 
175.6541293078407 
-171.3928865245926 
-5.442034045334672 
169.03708018954654 
170.0242650971094 
167.66286723111483 
177.02436071378665 
3.537390141636292 
-21.714230331803286 
153.07784416274976 
1.1029640279966835 
-172.4551618276893 
12.292491703012823 
173.31059629304158 
2.1769871892379777 
175.13897012044035 
-14.453028332049254 
-1.7387809796100546 
-158.52588725315167 
-170.90377259405543 
178.29724343057848 
-18.027864849379384 
-24.115803181965674 
176.52802185572844 
11.232708769788637 
11.140392308366588 
171.54267794667575 
175.69883246569162 
-177.6560950295665 
3.77338843178714 
-175.5486299268542 
2.5686036313810674 
6.303336191498578 
176.277857609764 
156.04630234563868 
-165.3415044856959 
-178.5240596066613 
-171.1412685595977 
-165.01782211986549 
-2.5471662891154643 
174.8036794240381 
-177.40713698156947 
-150.19846079025425 
179.77689219113225 
-175.18295750498135 
166.9989583963024 
0.21634847713785968 
5.548351793718376 
-1.6606481680309562 
-12.884432991173624 
-16.385338705358173 
0.3600309278513635 
157.92464171327742 
-27.026067640084616 
-4.109528117140023 
-5.507066319717321 
175.7146417410693 
9.656955631802292 
-11.80651697623783 
-15.017695557337788 
-17.55276578142751 
176.69056646778836 
2.1466016004804658 
-3.1512907143386424 
-167.6142291576579 
166.92493280530678 
-173.24596105021809 
4.360877613803427 
6.90578440916673 
-12.07331291289434 
-4.137246284249276 
14.603207136061007 
174.24603143323006 
-15.556366001241924 
13.709545315151402 
172.9916976624294 
-171.60140626057733 
166.23302844332557 
170.73591687572653 
169.93309120920352 
-168.84323350395908 
156.39198217794896 
0.9975803690897292 
-4.320666994847217 
168.4640602379262 
-169.08353355622327 
-1.5388247938810153 
-18.6887026856798 
-17.99570445431872 
169.1311988293548 
-166.42754425369677 
-21.386513807261316 
172.236644777127 
167.39601291191033 
-14.33646711570256 
4.687729462780874 
174.04626574077324 
1.0788876958750142 
-20.89506745125796 
173.89867160408454 
-178.7350693087734 
-9.259445661006941 
-159.6383665157856 
152.7896008267505 
-8.145134220780422 
-177.07500499155518 
-1.8425257212925643 
172.65250327766418 
-6.796804361070882 
173.09314032834564 
-171.10297080639756 
-12.426925483958419 
175.30787367002702 
177.36358542724224 
-174.00462391589608 
-9.988626986631234 
179.6386753729451 
2.234641505443833 
161.010067789204 
159.7414102812494 
-164.88248024016917 
173.5123797779628 
171.5171723459428 
157.13505556936883 
-3.7266458496539547 
172.14391137737422 
162.28331275368072 
174.0018231730903 
-2.787473512300203 
-173.03412959931788 
7.843781379390861 
166.65154114594742 
-17.356942661104668 
-174.41883751038583 
-20.61465686075268 
-174.91760401022736 
179.260507353303 
-22.648579007244855 
-164.24618388689802 
159.47531006707158 
178.96165380161003 
169.99233505528315 
162.27798132080463 
-5.704190434524151 
165.1705871124607 
-2.556860600590476 
2.68234475611722 
173.7914573485908 
179.76722508808692 
2.073056407371441 
-15.194240478407403 
-22.16554863903313 
-14.698650621858436 
-8.617739954466003 
174.143957550727 
-176.12434344897778 
-2.3449656661324303 
2.3205700498115713 
178.30271012928884 
172.8276400375726 
-10.021721757104485 
5.193316825776906 
7.388248612768397 
-6.553345389168751 
10.149535355307082 
6.833958307527694 
2.5504673897444996 
171.409206268416 
-5.709264561240607 
-9.443000374459578 
-16.452253749508998 
-3.7847434388401595 
156.48339743264816 
176.96194420146946 
172.73526260379572 
2.382365423867659 
176.365182310045 
-13.204243160378937 
-2.899411855332524 
9.707269079940948 
-2.350918048444182 
-35.539893960635965 
7.162047105533073 
172.66953670961766 
-24.425180626971738 
177.7648692425295 
-28.3778394279965 
16.48154283713877 
-168.27435746769598 
-30.580088116291495 
3.7230961402899356 
2.72616052953565 
-11.251783734575495 
-19.52766593190453 
-13.261761078669117 
179.8505909519565 
1.9818854800499817 
-25.34105014079231 
-0.13916456250278147 
-173.7485011575931 
-176.4602667865206 
-174.6007339190856 
158.37650933697088 
177.7889957192693 
-9.514951972311822 
176.0115046877488 
-177.4894912303378 
19.245973150539655 
10.702234164388145 
-8.110461496021246 
-16.158995078208335 
-176.86426864903703 
178.8914061992909 
-15.373894848072965 
-2.7458749876428334 
-178.34749635819776 
11.855577335757252 
173.06763855686305 
-12.273464897366875 
-3.3443603463720657 
-178.71324210331338 
-172.40436742735568 
170.44793264936442 
170.39802078008427 
175.36533921447702 
176.9119667995321 
176.79105055672755 
163.29840068055273 
173.23005882473944 
-5.054582361368753 
-179.87446183246766 
-9.651535547175913 
164.62479040273408 
172.21606499560798 
-179.04416222172745 
-165.790274277319 
-171.88400523027912 
-168.26578758476256 
-179.39764124279384 
-175.90964998990464 
174.81442184840898 
168.44053086863053 
157.79413258287556 
176.37091754324547 
173.3038826108617 
165.58377491329634 
162.46948305993936 
-12.366908732197185 
-4.394517275778367 
-17.007822978295877 
164.94113026825937 
-176.68337492173274 
178.04552932117335 
-172.604602208978 
178.49179501618764 
164.00625385659862 
-177.34736443012832 
-15.103007244992195 
-172.59356865793603 
0.22401662518750595 
177.221804198362 
-9.114314184694148 
156.6887957009353 
179.50928545753052 
-5.111109522590152 
-15.238381037494351 
-4.741530496979248 
7.684667612394578 
-1.4557767842014118 
-174.55411483097015 
-7.782669764185529 
173.5579057864857 
162.0326903035893 
-23.01712575314864 
-162.91340623659616 
165.73697115004583 
178.92854348514408 
-179.35352940851692 
-162.46450443437277 
173.22765741032777 
161.3290332371167 
-173.80826002284664 
23.36236567860045 
173.0729495001992 
-169.84306541796917 
-7.284906978535625 
-17.895213297902135 
170.51552170200617 
7.491722535164729 
-11.22921888483585 
-6.8240574572030965 
-4.048690152689918 
-8.941087240474337 
175.07018059469377 
-17.87378773076019 
-6.957120939280955 
2.6232888886622563 
-14.551989869301499 
-31.51733464706792 
-15.32102034714961 
-1.8959122193366362 
-1.0709225011898922 
1.5801761745595133 
-7.1620572722029054 
1.938668441197525 
6.529527592088143 
-10.982672208058867 
-171.75768707567337 
-11.992365212159946 
-148.73741838276922 
175.39552888383992 
178.1692237766627 
-177.28328420515734 
172.14453665311885 
162.16909999219627 
172.7683330772508 
-11.698411911256947 
166.69022622462037 
-176.13079369949577 
-15.555486462727437 
-4.316382400594041 
-177.66381221697068 
177.0519226870444 
165.69845594278516 
-178.8661724812071 
-25.93637020994506 
177.19720366399767 
172.92303913054445 
-34.025069804218866 
-2.7994303624847534 
-23.06432257903611 
-25.59288859832251 
17.367115476429074 
173.0067892128167 
-172.95922371395835 
-176.0542496557347 
171.73060859547846 
173.7673174577228 
169.33597496185166 
-5.2156571017038456 
12.360549923946477 
-5.088381177108888 
-3.6028744228621172 
4.392777731502993 
12.989302641654106 
-173.0271406632434 
171.6197555505118 
179.5688131801715 
-12.129939509968839 
-0.14921883036869565 
-1.0454810841231903 
-5.989202638168731 
176.4412301236779 
-176.85204583188917 
-33.08602669784018 
-7.2072574133589935 
2.547245169207911 
-5.882184671813612 
-39.500678906038885 
-8.163559335458501 
171.02215642847816 
9.480111783612282 
-4.474059898192369 
-8.766076873779472 
-26.66886550996877 
-5.2092393181689856 
171.70526073105455 
1.0357923320573652 
176.19282124646526 
-164.68097494304996 
-172.51496891130137 
-23.248999969539334 
2.4859623161016478 
-3.076975021520172 
-12.688626483504034 
173.44805102165478 
176.29526209502177 
3.3389425596174784 
-171.2361574226669 
-8.100826260159245 
-19.437093864653388 
167.63950856740138 
178.61583111617426 
173.976914642252 
165.16077824001385 
162.1932677679326 
162.0041732558956 
-4.292136597683752 
-177.08937790875868 
-12.193072676436625 
165.84518786750454 
-169.55728088613165 
-177.649422216377 
166.10025783589174 
169.96050013444042 
168.2638783492898 
-176.14336642002064 
178.72836496620664 
170.63967398669504 
175.64097036237015 
-176.11036021833993 
175.58183596700258 
-1.0151494300790644 
166.25509254852997 
159.21620863865547 
-167.49074077188214 
165.00632855584868 
-178.08585851931974 
175.19622930598499 
165.0251611827114 
-177.48821280999678 
-15.079373941559318 
7.270663509973208 
-177.37916947767258 
-158.11222946454322 
-14.327961445888894 
-173.49373370008712 
-174.39957996174053 
-165.09596861016178 
170.8382235202677 
-175.8711628598409 
176.52423652031882 
177.13889403567734 
165.42242982772405 
175.00580916552835 
155.58992000290226 
-173.07807605807602 
-14.753120764550431 
-13.347938356374478 
-2.6083746325744124 
175.85769979248482 
155.6610303900561 
167.54588614630455 
178.7889765883994 
-166.42136139260242 
171.3370628109784 
7.606012972485012 
-0.8172232517814885 
-170.2807015504373 
169.75950688098484 
-1.086460944100047 
176.9994101898929 
176.36185165697214 
171.63740686243665 
-23.813396539004643 
-9.348445891799425 
-175.62424103656684 
177.60405973308474 
173.1488223272227 
177.8385649385998 
-178.19583825181095 
173.54218579954286 
2.015704881622362 
-157.78590769391369 
167.74081188555493 
165.53303577588466 
175.80563182493003 
-18.800468284841475 
178.543465100135 
161.74085616460974 
-9.791381688873749 
-177.52864967059102 
10.759265734406027 
176.37793113747756 
21.90696348684383 
2.87096985258374 
177.60185850753038 
-26.173199761572473 
-176.6439337356878 
-177.24987644345174 
173.5074406309062 
173.07053166387826 
171.94315895827006 
177.7845353609128 
176.52973014313878 
-178.66756680760247 
167.89655668082932 
177.23943390718532 
170.5160047550327 
-179.09950763917323 
172.2045360083106 
-4.119367877525001 
-173.2049808132096 
-178.7764040076615 
170.27711722213135 
-173.44337378577387 
178.69666812413107 
-174.54960105594506 
176.48378237614781 
-24.474961143616728 
-7.786457061601402 
-5.216494847891646 
162.6173364807489 
174.59339252970565 
-178.307621452794 
167.27699041471607 
-165.2366876552707 
12.949918023986015 
-19.883689568486115 
-7.578414417095208 
-170.6041434843725 
177.4842650608163 
171.19344639877434 
165.98276478496658 
14.939869181387431 
-16.975623840390337 
-178.3558762631675 
-14.768890018552685 
0.5670397254358858 
-29.838697513796873 
-7.225873194550007 
-179.44775777953018 
176.02987084628435 
-11.476921275330994 
-4.415178587687768 
178.36121086699174 
-173.00575259645518 
-172.34761019887853 
-0.39486838883250974 
177.11438817888202 
-166.32845079037304 
168.5000046626029 
-10.53479611941033 
177.47528079212503 
-169.85456178137494 
-176.89333404449343 
-176.32485858728623 
166.5420844938769 
175.76016222573773 
6.4497719714480475 
-170.77972955560708 
-175.413174244808 
-179.79934952242257 
170.43336415886532 
-177.61755065300684 
179.9481419519556 
172.64972268761264 
170.78623066181765 
0.4599825880264251 
-0.5363417482733093 
-178.22075273108896 
12.872277981193609 
173.31511068332048 
175.82189836007436 
173.92517588957827 
179.53874613435485 
6.605139655450137 
175.7117014678629 
178.43221824161213 
179.57007573747933 
-174.93290031964713 
-179.25543237511937 
-176.32505575326644 
-172.9630276784118 
173.92336702724324 
-172.20574712949195 
171.31804690271107 
-15.897121527734134 
170.6209470696691 
-179.883208539129 
-171.21304176109132 
18.163499908174824 
-13.835305865953373 
-20.9965214442198 
5.156011271718889 
176.0203839493798 
168.99624118359137 
-173.3669835677619 
4.55871219918554 
-179.2361421157358 
176.61404705879534 
-168.8990744830107 
-2.126866251088058 
-24.38099879370338 
-5.672954921325315 
-175.29027247211758 
8.211578317246495 
170.86181744256774 
-171.16800307424984 
-7.337297303997246 
-179.14854896099632 
-1.1514743290667797 
0.7923640823599296 
-5.687400355127688 
-175.92743305336677 
-14.382389257951063 
174.8184100798227 
-8.673849541224547 
-16.616038427713896 
1.0709095010204672 
3.487635829900303 
-2.4212406832499886 
-6.417081410168595 
3.114719741680721 
-6.496288239377976 
-27.781560167449918 
-20.23131624111963 
175.32588584216938 
-11.945366848491682 
158.4147517560139 
-0.7624204949540025 
-34.29113436091614 
172.93005687329227 
11.873620988731316 
-15.062643199683537 
-173.63905712711698 
177.369404999854 
-168.03310936176703 
8.874025584948512 
176.03842795025867 
-178.3367330690154 
166.743621254047 
168.10594042839213 
164.88103673694695 
-171.04112832665828 
-16.307571975976067 
179.05248427798523 
167.29218844785885 
-5.153535058052031 
-165.1185925768499 
169.05707641130712 
166.25158698921743 
169.0247755487723 
172.69136362528425 
164.61732090810065 
4.651236754928837 
-13.211949118585395 
-9.003668672500284 
-37.244111010872004 
-35.37148757911888 
159.171094223167 
171.59942005758128 
174.36926293527264 
-176.7214318976024 
-174.46234698855037 
-174.62250538668323 
-1.3919470724347875 
0.7425187680102088 
-175.45195572128208 
170.66633358324074 
3.9305804406536518 
163.94808815320914 
-170.40871861115335 
-177.62557227466763 
-28.53758228963633 
168.1330801352233 
-4.467798601376851 
-178.32029811855887 
166.84140752956012 
-172.05653961357328 
-2.7256476831284537 
-169.6422362703933 
179.03607126701328 
-10.17012287942667 
178.16571919564265 
171.5626604589809 
-33.14695364048799 
-177.06123925395656 
-6.3044312883371285 
164.05498967410674 
-19.443393940617767 
3.8202737809104197 
176.30512546389022 
-166.7785207544104 
174.4792455566404 
-171.65476064653396 
-165.0962747437364 
170.61984470904267 
175.33616806629635 
-173.0623053821076 
-170.9252591395137 
-1.4645032739411374 
-166.580556596977 
-7.685018273543364 
-175.14490506639186 
-179.744097787238 
172.7659365195025 
-3.6860150878897513 
167.71483185995885 
-174.0246500507275 
-171.9842865550181 
-9.711160428262149 
174.2097364916699 
-177.3755599698507 
-5.7740301959518705 
-26.1848307108848 
172.55632579791325 
177.12694053774013 
-22.789388877776148 
-23.364286371005118 
-177.030874717075 
-178.74806053861818 
-173.56458330855668 
-176.81756557858446 
6.000799146416259 
-2.0977320320757094 
-12.926524985736963 
173.29089885115098 
175.155034541401 
-171.85518419033136 
174.05218206751223 
-175.6304940350047 
168.0623251771226 
156.7639760101446 
-172.96800272717002 
-169.69759167066658 
178.01785531446876 
178.10421658226858 
-14.826797238065456 
176.24600606295186 
4.495438407595447 
169.78489891905517 
-178.77727634895993 
173.76372949995775 
168.64049470709992 
-170.49387360301813 
-1.3153581198981696 
-169.33994396172278 
-179.1199379883932 
175.96101689057116 
163.28039755311423 
12.044685715581423 
175.9996951075107 
-12.77674596232279 
-5.158148190142781 
176.08157729521167 
30.905545364004304 
172.48384903538883 
172.6078500184461 
-6.347686258545284 
169.66701999766596 
-3.727676520431849 
15.371220151290892 
23.353867764255615 
167.27877734484613 
-179.02813618764876 
13.272779804132096 
178.70509124498545 
176.55181081163812 
-171.9461044057113 
173.5961529546439 
178.49523578633827 
170.98821835617574 
168.73489814309204 
-176.9622034761221 
-5.701268414416385 
165.76850900176143 
-0.903612819449515 
-175.11516868599023 
-178.61895336383643 
-177.49608655738334 
-177.28413568175202 
174.46200915642845 
-178.10078548472777 
177.80069250361154 
165.38208528536975 
-12.126742599398025 
159.89439486749313 
178.20414765179433 
-36.84041835359602 
-179.67102796099059 
-5.619275222151702 
162.50943872650453 
-170.90670459440318 
169.81278098970273 
7.528653703765171 
179.4022799917093 
-11.00409164527291 
177.92116954124322 
173.21806661669004 
-172.23440073005617 
170.21810450618682 
177.00486319626305 
160.44091695091782 
-175.995415272594 
-174.5253418145594 
167.94542855378157 
176.36388246362654 
-23.683590892742195 
-179.3861502167282 
161.11391070392585 
-6.424017098642905 
162.93523772445448 
-6.047746156137781 
175.46684478169107 
-11.294576848922791 
177.6335219224928 
172.97450146921034 
-178.64545218124272 
173.02956514552895 
173.59228261336594 
174.81813116967953 
-171.50556170014224 
-171.4438066076715 
177.52324653829174 
165.86651894510115 
164.82855518118308 
173.8041421480522 
173.58948159643475 
-15.964295126922822 
-176.75587026263392 
178.3203785237099 
-175.22013345175958 
172.99024021332568 
-176.1331404637682 
-168.67543802674143 
-176.9765404612567 
176.71403623348266 
-172.09293359549758 
10.737113134366362 
172.98738607282237 
178.3788958616053 
178.2247822456936 
-173.76765535880043 
-169.78954414114745 
-17.469619305066818 
177.01878421576666 
-1.1258261514404029 
174.72775133964754 
176.32801492839315 
-173.04326976737343 
168.88315619385585 
178.27485052252206 
16.377874453935085 
-6.077540286387529 
167.5250701184959 
-8.690003112595095 
165.29929882336094 
-20.612968397245805 
-2.6465647938772743 
-177.71983720158892 
-12.24832921116212 
-175.95559717407258 
-178.74710272731537 
176.32445953653274 
174.14364648038412 
-15.613303946911946 
-6.644059002801768 
-11.391941430337862 
14.418108612591684 
-173.16002517658112 
163.16784185792702 
-6.9909724285086075 
-174.32513830935372 
-0.5346075696114617 
-14.960334091007097 
161.73526701546638 
177.99115895278092 
176.2358518305504 
-4.40107612228414 
-177.7121661648805 
-22.35256907692444 
-17.48808230143041 
-10.107910019222338 
171.8558588212318 
178.26757476806765 
-19.587930265611174 
-165.24443225428683 
-5.780272587159879 
1.4756849443191729 
-4.199068798418519 
-27.4332821259604 
178.9580451579371 
-179.96527035866103 
167.52699796386588 
176.29256985781043 
-22.068975918132608 
171.24359796688842 
-4.635935443438856 
-6.231078720294756 
-167.22418721822515 
165.05636180585392 
18.383598212900573 
174.59601006584128 
-19.353357487056357 
-175.96204301820725 
171.84138921644862 
162.359726549013 
-171.64681911230753 
-173.90786262410543 
-2.147896117787839 
-169.86009473090238 
-7.02292624681184 
176.95409576467918 
-153.84571369723358 
7.679775587219712 
-10.86904460197812 
-4.080718057394701 
-169.69148650607383 
-0.7347608861174036 
-166.25965829986166 
170.17916365682572 
-7.524863363245008 
-23.036791614692888 
-174.4419980531831 
-3.489236168304375 
-157.0085453084106 
-12.40405339696895 
-8.216485487415946 
2.81726341483058 
174.10791826126743 
177.06054130453347 
-3.9143311259748588 
4.8653316963314115 
172.04639846245414 
-173.47253029291568 
6.851715472512966 
-160.8900155197942 
-13.634314294484035 
-15.87417900006974 
23.88166648792698 
0.17111660950608812 
172.7377157540044 
-164.98706599819883 
168.34292531611632 
8.750339356253784 
-14.435198948946898 
175.336213637631 
-9.180138590193417 
7.420141772117494 
-175.280432195182 
174.54286026086177 
-172.54709627364238 
175.2261331658305 
4.150341305444194 
166.5765627555734 
-166.77306774720088 
-176.87446922731758 
-11.497535408618884 
-174.76044858474373 
-0.48824148178533955 
171.92511210216833 
161.28603933295292 
-169.06163331111492 
-13.439509131848265 
-2.999867437227973 
-176.04799162005096 
-20.26329741645784 
-4.802187435997932 
176.0180818263074 
177.64543526054712 
-4.3622320060705375 
-178.66027401478462 
-6.787381012651069 
-10.454046692468498 
-2.321599818471776 
0.9073594155476327 
-7.969243967182319 
-11.06840340125014 
-8.427727657966678 
-1.2189124202080601 
-173.90166469527836 
-14.57328146912879 
167.35673122512046 
-7.6849817669114735 
-25.196195101348795 
2.073632810122131 
-11.024172757610254 
178.02401396809194 
4.314099059193426 
-177.14606156681253 
-19.38499640202479 
178.59650972102133 
-0.5783978928308358 
177.2776106682615 
171.90151707480135 
-179.04460855413845 
178.06660710803155 
3.888931539108986 
-169.21791745934564 
178.73004071359028 
-23.541958868337957 
172.74784117590002 
-173.33565276936807 
-4.56698647803419 
-164.2591012814698 
167.2366870534139 
-0.5035586908494128 
-177.38182939731638 
-4.333105773159169 
178.20255491604053 
-20.7336782588456 
-156.7946762752387 
-173.05803240703148 
159.65218754191977 
-173.67377539279613 
143.76819348118434 
-9.628209970959748 
-25.945083163115466 
172.75042116964116 
-7.621078984395791 
164.9245690993107 
174.18317767401828 
170.6044540006773 
165.57161909435874 
-177.9533883145833 
172.16973115239446 
-163.93948968687403 
179.94588063324574 
170.64312673747395 
176.98041945002495 
-172.2510543102296 
166.5201440598052 
161.2740111758116 
-176.0714307707378 
-174.70123260810348 
176.58978796009 
166.10647189290347 
169.9313584347223 
-169.4784722677505 
-171.3642395556164 
-163.04868657732683 
-174.4995437466082 
177.61068316255006 
160.71801466738603 
165.66359143926917 
-23.14698572595958 
169.91125032949236 
-179.64841872564995 
-0.7290577660092578 
-168.04991616471617 
-18.543277548286945 
-9.794457865608873 
-21.797878419922245 
175.07293209280257 
-20.73799573371425 
0.18094172994309932 
178.40599931149038 
11.981272908775775 
-10.969893655869866 
169.41570557177695 
-179.08090056539535 
2.113887007220636 
179.7859948741204 
-5.7684190538710425 
6.532613705603955 
-177.29389949303643 
0.09162891421840336 
-6.845240301047916 
-21.83319092558272 
168.17218872532007 
-10.176282134451673 
-12.744568118689942 
174.11949053096149 
169.66437522895228 
179.36330409043833 
-4.79913156627603 
164.3564892019471 
-166.97092102940093 
8.277105961955034 
6.249400586320401 
-8.047727917516402 
169.9850040779427 
-173.49700543685043 
-174.44522755741764 
-178.6925910851406 
177.21769478554265 
174.42592038312767 
-176.55711183045122 
9.212532929672479 
4.31911369396317 
1.8698743589557782 
175.398929101872 
163.84657804785547 
-173.29028047590563 
-37.18756078689542 
-8.048405193135807 
-6.812782117826509 
-16.153808601897616 
-19.07239161283006 
-165.84220885251693 
-171.23509929463387 
178.2301134659524 
-177.90289384155344 
-164.14158444751084 
-164.59267289892196 
162.13630795312585 
-7.710093306728528 
-168.55744348106643 
-175.6785593969434 
-2.714694141644749 
-175.20269849991362 
-174.2891934418296 
-176.52438515643988 
-18.201992509805986 
-2.8457174014904933 
-24.822555988176298 
-0.8931266400398911 
-25.38332906910986 
-9.941575804325618 
-16.999883266636434 
-10.584699547303154 
13.528007850669695 
177.20586363820826 
-179.84778176776393 
4.58108992611451 
-175.458725128832 
166.3793831823525 
-8.710291758538697 
-162.92752008913385 
-21.360130997759747 
-6.995186016385039 
-2.3280424598769818 
178.02873918906872 
-178.42013355155927 
178.56375191555395 
-173.6990055916864 
169.16035801467544 
6.560766339866032 
0.7351299835480247 
1.0744940459497727 
16.159210396198667 
176.3436062503834 
-18.792898844440515 
-5.039984697532926 
5.948275902730082 
-175.58615299992425 
-179.23969764603203 
-1.624098817760685 
179.59456351974973 
174.5139039042558 
-178.55478840854173 
1.1142221668927066 
179.01389126356094 
-1.663774991066816 
1.3879378497439019 
-179.58208564756399 
-179.050678702183 
178.7049190782931 
-177.44145069063237 
171.56589747739812 
178.96763666857035 
178.06866350185302 
-162.5565808912141 
-9.488286882349831 
165.25082146419354 
-163.3860916320484 
-169.07931747666203 
-169.8159919250217 
-8.06025625297702 
2.7734707194647394 
-179.01526527417172 
162.87302999821344 
177.11276559527138 
-177.11916508247614 
-14.940046654147311 
172.48529677454962 
-175.8651614576143 
-6.2088336101288375 
-11.422055106653138 
-173.41744544559793 
-178.01211593225955 
173.84507312330092 
-162.86978694882913 
-176.49219816288235 
-177.00305084537885 
-173.56678545382908 
176.21719252529311 
170.90518159830162 
-10.221085866458262 
167.1366970949077 
-165.33830817569682 
-175.9768038361151 
-173.31186431428512 
-175.59074000157827 
179.4824289031877 
-3.58335187738545 
167.15901327836048 
156.23673200551184 
-3.2071413311135464 
171.8442525358234 
-2.46098011735401 
174.99669480998688 
-164.84916139867715 
178.12810795550882 
32.579948796691156 
175.48138953839342 
-175.19861404636205 
166.0146495327195 
-175.24511942978296 
166.1477528801283 
164.511144218008 
177.72160452086445 
153.53302825274508 
172.9580728603908 
162.89170070538032 
-28.963269723552614 
172.50645294253934 
15.29993293083398 
3.014494172922089 
-7.1795139953278015 
-12.323984126674196 
179.67470432585537 
-2.523883539687762 
-19.70490267272552 
174.83152147068722 
-10.877848443481254 
0.9952183562007735 
-5.9561364445586875 
-22.6098247484801 
-173.75847695532167 
-174.87038988700655 
-179.57004797759018 
9.350871255709997 
-8.766133657670194 
162.83540978964382 
164.24180181722957 
-10.85350989909407 
-171.33172457436646 
170.97777726169323 
171.4080472593488 
9.808805531918397 
9.3768195772197 
169.00221038436703 
-2.5426564914837715 
-0.8359344162422215 
-178.64509990239878 
167.2862060204222 
169.57116482582794 
-13.060515744305354 
-5.83602072300544 
-16.410583599585237 
168.90537312371637 
-8.823842328006831 
-2.470254555412941 
-17.09572411314899 
-7.716809557253227 
177.5829710543651 
-11.754176484382535 
172.1374217359038 
-20.391727965307478 
163.64482859833362 
-17.309735498903756 
-7.4402025455900125 
-1.5292890723363044 
-9.937120822455205 
-23.187068787755585 
9.481549832568783 
-7.503882165218109 
-176.1026761161643 
-167.13835453181468 
-15.547947099086176 
-3.1629917692319554 
-13.62424266265642 
-6.361811477478868 
-11.956529353414435 
-13.764636013178153 
-12.455246861838948 
-4.950909614075815 
-13.946131107752608 
-30.140620432519068 
-3.1729732265709893 
-31.742959320941306 
-19.79432240311924 
-16.86211367809696 
-4.511322910044789 
6.731304573730633 
14.779374361523129 
-165.7445626363644 
-172.59224306601783 
164.32147493295025 
-4.062781502549823 
2.745821396691266 
-174.01305681937714 
-179.3602581250749 
-12.268764497498525 
13.884679681716294 
169.94752542562492 
-7.294000973342209 
156.42882832466245 
-173.4093053677347 
159.35420291335072 
-19.227361184361047 
-176.95650351856005 
-155.01072770696905 
-20.934415499741053 
-176.21493828555282 
15.201051179715062 
-169.07734508518936 
10.74170527514025 
18.877269905587696 
163.1834377827985 
-18.9532815005523 
172.04715153252914 
3.6390790717444146 
165.1409055845343 
174.59072652588517 
167.4686616680824 
-16.580393440672594 
-12.34169232712684 
-21.238468396382423 
-17.660791364301854 
-13.113419402782785 
-11.180668725613323 
8.413421343990567 
-13.504676144563668 
-176.27511035158616 
-28.388757072651636 
8.494580288993705 
25.813681718995667 
0.05533130960874496 
160.64795175385424 
3.521515737197265 
-9.413424018314304 
-1.4869867627781301 
-13.46197861228605 
-33.95093429102136 
1.5263465805608762 
12.405948480317548 
-173.92567985114025 
12.298066325828268 
1.2728451505155696 
3.5887663749367658 
-157.08065447180323 
-175.0202155476361 
-1.7622138810989525 
176.72948000023922 
168.86710783087636 
14.216616434199345 
176.6796372248488 
-7.106330722921916 
178.772956643176 
-12.980255004469067 
-177.3585605247948 
-24.94239668550886 
173.4660455388076 
-6.499456316339768 
-177.63169818237944 
7.865049234199206 
160.8779138084161 
-173.53605500328845 
-27.460619376292776 
-17.146649637237687 
2.880347636735558 
178.4676109581196 
168.16424034906552 
-27.048238056727513 
177.95108715375488 
169.25181431801653 
-2.113392913510484 
179.75932372875465 
-8.251480694541975 
-173.87971361832714 
-9.434047923145545 
-4.765999013040442 
-17.123376335665096 
-17.17987495872737 
4.048017694320152 
14.257971136234493 
-2.588079648820869 
172.66967596570655 
-16.850507693355716 
3.0143953030249624 
