-85.0101656590791 
-64.42834747735014 
-78.58934026551802 
-88.60272240149503 
-73.94527097301822 
-67.26345039102635 
82.38157480896398 
96.57986439107901 
-54.90629243637058 
-72.87319538607233 
134.55984312254986 
98.46952831385104 
-63.33676968776076 
74.14016502321054 
91.11802164483913 
105.65389504108364 
-67.27713072438988 
-73.92085982012753 
103.44371108253274 
-54.560872634283406 
-77.62305183388716 
83.03835266007925 
-76.75762252408278 
-78.1255054409798 
-63.10389179636038 
133.3984070574304 
-92.19700064388026 
-74.98370002810489 
139.73624482388573 
138.5697686555427 
-81.47798157751306 
-70.73416850309393 
144.61629450718254 
-93.7128095869788 
-82.27043231137787 
111.69839745304594 
-59.49886517603219 
-78.79625278355647 
135.409337526749 
-94.56469926353017 
-102.57214729383638 
118.29186710839096 
-58.64024191257232 
110.71152842468467 
90.58530076304964 
-92.38720821712867 
109.1294800621681 
95.25057859525748 
-70.04488508503644 
120.66945928044716 
-37.28367540957118 
-91.0235987392936 
-75.21713642631276 
-68.89699703385534 
85.16311187272487 
105.76295424177884 
-81.64666249935945 
101.92780589756231 
-52.52543786021195 
-84.97466424292655 
140.0364109516808 
-71.71709575019537 
-105.45874071395664 
123.6380771416456 
-59.74188673088768 
147.8609743493708 
-73.85192495722846 
-73.22295123574033 
-68.17963988484266 
-64.66931607526907 
-70.82936354101528 
-51.99633513515023 
-77.34325526301018 
-71.28728488867945 
127.81415108662347 
110.26514981484765 
-73.8628030574562 
-76.48634984014615 
-58.519838133744074 
110.24895339182562 
-73.14848303397787 
-46.76161278717179 
-41.53359493305048 
-87.78913331276752 
-70.3898147595009 
-84.9591989140292 
-59.43216862376055 
-69.85122685239925 
-63.70991759349708 
-66.91099735777469 
-88.04660889153749 
-77.72484667340514 
-75.20647041721287 
-80.83008922256128 
-76.60909706194339 
-63.93608090136103 
-76.05152676753703 
-72.53015881614009 
-70.29848134041524 
-76.60706617643864 
-71.32015212225635 
-78.73105215751038 
-93.23897551026457 
-85.45382955439085 
-77.56621629620287 
-51.47168150695133 
-72.12836629706575 
-70.80423949802868 
-101.75712846526754 
-86.57768359997593 
134.28926550052063 
-67.03447346230733 
-78.78560963395641 
-82.7398154199615 
-80.42129766060363 
-66.38020793060781 
-66.12539042653553 
-70.28039487993763 
-86.7962563033506 
-59.657879783559316 
-81.51197042820077 
-73.78841160679073 
-77.17082886962505 
-59.43276105673852 
-70.54954524227962 
-70.0483592571641 
-65.67709947375077 
116.29079027670156 
-59.97865599456292 
-75.39032005622629 
51.591501418271044 
-57.05500524427722 
-72.40974144736788 
-73.85888408190213 
-65.16897968752725 
-61.556508611051505 
-58.68392171172101 
-54.642440554172374 
-79.37440601839518 
97.23892383901838 
58.0999510978872 
95.3908874769248 
107.32906984349131 
-85.49301438795725 
-80.64540361305662 
-88.46035431877836 
-99.60514367303789 
94.2456118031752 
-79.74107508835996 
-74.92870782587148 
-50.34292203271324 
-85.96981446087679 
-72.9198001237425 
-90.10591869376606 
-59.790256608419796 
-84.33298544690744 
133.00362441911872 
112.94886161233055 
-84.77241661661022 
-75.37506861664227 
106.88482072281155 
-63.97031852254248 
-88.14109617887128 
108.39795221468049 
-84.21948846487754 
-63.113674969748516 
92.48417201236951 
-87.37785294859323 
136.69398525857812 
-96.25297833729053 
-68.57417462255366 
-59.260299092874604 
-64.47184759956927 
-83.56878664097363 
-41.567687994746926 
-67.02537680977136 
130.49214572235488 
74.04635079898365 
162.92706721788122 
-72.0978343867692 
-54.86563834757401 
-58.85265572834423 
-70.4295812150589 
-69.15009936980933 
-30.22442198836722 
-77.25351104310681 
83.7399625199983 
-58.40294362863092 
-87.76051729928624 
-74.1900988214388 
-59.4181831642441 
-97.29782963898839 
-71.29939147109216 
-80.45734042586476 
-75.9913347047207 
-62.02289623318287 
-43.74542587536013 
-67.1573669644314 
-58.22036820075718 
-40.90626384610498 
-72.55577203862642 
-49.69353525240649 
-68.31838816765881 
-61.918275393050344 
-96.36345276532798 
-132.51044204741982 
-64.35776396812382 
-52.98800985835676 
-75.89799680487596 
-69.00716985765894 
-63.28480414872501 
-52.33603459480537 
-73.95024517284955 
-74.26610561670687 
-78.23975846588857 
-73.18288361071026 
-67.90807978014294 
-73.42087679846809 
-67.13649854759846 
-84.23093100822624 
-64.66759582944321 
-76.73696901331027 
-69.95561250699676 
-75.3191748551734 
-73.59488335561365 
-31.841234816055152 
-87.03857591718348 
-81.42928359621706 
-97.37149238829322 
-85.80997998402738 
-83.10855158674005 
-66.64076649983666 
-93.566315316777 
-67.17574588516739 
-91.83082575954055 
-73.58310110939031 
-90.54267702493037 
-79.72803679681853 
-55.355583875952256 
-75.48403024619218 
93.06468846820624 
-90.07810199111822 
-84.23291792933504 
-78.61498907049106 
-69.80496447091515 
88.34674863416355 
91.30078858972979 
-62.30204853319493 
78.63049845836866 
-58.89649359945562 
-69.79987694799539 
-87.46250409603932 
-86.13180436564045 
-83.69605044913295 
-60.60591326078703 
-71.68664172789718 
-50.85812225550406 
-79.39590655387161 
-75.49176784319043 
-99.45510694009181 
-68.73270048987835 
-103.03848992824871 
-85.61400327965374 
93.0643530383756 
-70.48890072042937 
-75.29698432682952 
-50.89244023523723 
96.12939954259524 
-68.93639398809091 
-107.036780748837 
-63.84797082922045 
-76.35131081998661 
-59.506256981691045 
-67.40596347496066 
-62.39961343624404 
-66.5102471785175 
-89.52980816896091 
-86.87005958680135 
-69.06603087984057 
-84.13903363918655 
-73.20470556264463 
-72.90326967825605 
-82.21604693580643 
-60.88695334025923 
-62.36831590769528 
-92.33236493708942 
167.45079375783357 
-84.99302821153631 
-69.9272892583893 
-72.33817854151206 
-88.63317286835935 
-53.080808066162234 
-72.77312777709461 
-72.5914915120483 
-70.31545210281989 
-75.84804044529928 
79.08188216529962 
-60.73411179770943 
-77.23005044311118 
-77.78317217199086 
76.87215409862915 
102.6639468790283 
-78.38132613159588 
-74.23238805891764 
-78.37842288697131 
-58.281661655198086 
-60.670701576348186 
-91.72945922046209 
-71.91129413968444 
-55.013213871646116 
-77.49920173210023 
-72.8163661938212 
88.7797738402863 
-66.15576723846635 
-87.26611121776807 
-67.43075787521671 
-86.73191036412807 
-67.1479172546218 
-108.1629344878 
-96.54295800280474 
-89.14301466422098 
-75.70043710652503 
-64.77403612977712 
-84.81574005918654 
-54.30974484867681 
-46.687270629634725 
-61.57786671936729 
89.00599044298605 
-81.56423272451377 
-67.20133379380117 
-77.93348544412585 
-94.16835809706983 
-89.49640846409436 
-71.76905183024417 
-62.42062478509515 
-73.61170568005052 
79.18182303206383 
-72.99015142423148 
-63.77401648371142 
-85.3703679699782 
-55.431370860681454 
-67.37630252672739 
-61.87963818560586 
-87.88070486687378 
-87.25707727676004 
-83.22926239596606 
-49.03893359053143 
-60.25688244355884 
-72.80194314772346 
-83.4536486546804 
-53.27261355147971 
-71.39935693677079 
-42.89694106988254 
-105.17996466131328 
-66.54434618683595 
-58.525745324169655 
-45.24873689467324 
-82.91809011075856 
-87.29395460708035 
-48.7499743703873 
66.88353983826468 
98.34699734306429 
-79.90763783770026 
-80.59792408090385 
-87.45276114486117 
-84.51641296150058 
-65.84185883797598 
-76.87106476400815 
-118.69618669365036 
-70.59025878475036 
-86.27477720703102 
-73.7400027145474 
-67.46187631002104 
-77.69965433704336 
-76.76279924651628 
-53.7287519344636 
160.02378162980582 
-78.42843381415659 
-62.59220028805515 
-88.32076822885563 
-63.477766150030575 
101.24932443466828 
106.14008235973152 
73.66007562918556 
81.42259475750875 
-79.49822062439827 
-86.82759467419314 
-70.45248330201315 
-73.41044287936445 
-72.62978240566744 
-75.41166773781582 
-41.26167220303935 
-59.11794908950191 
-86.10592543154189 
-61.98093842192169 
-77.89454777119404 
-58.314262995172854 
-97.7312120616751 
-80.12753809394925 
-80.91806272195915 
-71.04908054483217 
-98.37829650403876 
-80.72596517748389 
-70.58489762481474 
-67.58214585998796 
-66.38869424913771 
-54.61102076570815 
-72.78032184356915 
-66.75287364062947 
-60.76584265155068 
70.87187132560132 
94.03896444700865 
-69.2494304311047 
-71.06631594809713 
-59.94164805379091 
-51.26823468771251 
-60.76453554814364 
-81.81277610743624 
-90.87648643020127 
-77.7716810512019 
-87.30603892138069 
-85.86307306969755 
-65.95523603200853 
-86.8968178817774 
-66.32746426896381 
-78.36714903160156 
-67.62523196040306 
-71.45745228166295 
-81.14317619916719 
-81.8620279412688 
-91.4886820660476 
-73.61495951790309 
-61.13205202689029 
-94.98606164884642 
-71.99638131928931 
-72.01298790530275 
-73.7655744181197 
-68.27375658217355 
-73.9598688618301 
79.91403874883511 
-77.01830758540974 
-69.68818863932226 
96.77946470903548 
40.81043703172235 
-118.4267361783643 
-71.22383070445967 
-86.19540418352395 
-74.36386391447299 
-98.26463254159205 
-92.45821572214558 
-89.44209591802391 
-63.531061058771336 
-85.2545604773545 
-62.17913901322602 
-62.749447575758175 
-64.3026294802924 
-80.64662007008158 
-74.70787681198618 
-73.21173769097989 
-58.99413851838123 
-94.05673962882246 
-78.96857408983433 
-75.35924132557692 
-41.59634601191615 
-23.18760063082555 
-70.7499633956583 
-69.9281063513205 
-76.32028145829909 
-88.47673304559464 
-81.53999673204359 
-69.05700607560087 
-79.81024622046951 
-58.88177339118415 
-37.8700398120055 
-69.67077454011333 
-79.99018880989573 
-68.15541022455376 
-69.59359624456988 
-45.79559088258655 
-80.04749315308156 
-62.1312563088875 
95.92536482667845 
-72.79232267902962 
-68.21868712371464 
-70.98524207943905 
-79.69741923594538 
-90.81418326366813 
-69.49477530600642 
-80.82524496737071 
-67.93432097748364 
-75.31224173932722 
-65.13090295807605 
-66.26729001903308 
-85.78847277064868 
-78.19758967313913 
-63.70191736620995 
-60.4029997963703 
-60.524947090907894 
-79.00496365247125 
-77.433310622423 
-83.16344532206126 
139.7524132580326 
-75.60088829091958 
-67.47280699960451 
-54.08337244398532 
-94.1439881807572 
-70.97456962409869 
-57.570867581141485 
-66.6084008342606 
-78.07329659530065 
-70.30577861257744 
-98.5180933693901 
-71.94902883109862 
-72.47309764480616 
-76.28709057973369 
-76.59933420073435 
-72.3741368328829 
-72.22304434939349 
-87.33410816974583 
-76.49744223532173 
-83.32106110378588 
-76.57246204469683 
-65.89121556248182 
-80.01342929451505 
-73.10342706501544 
-73.26106880733603 
-85.87737582915882 
-64.48476915539345 
-84.5082818362339 
-53.32779508359937 
-69.18728772135115 
-75.46720858271779 
-76.1851213279106 
-77.32779709223628 
-72.02011548891872 
-85.04167921434505 
-77.05491797030633 
-66.13873502584768 
-86.95587977401179 
-76.97726085265187 
114.30348562452427 
-82.44725348091362 
-37.80433927920592 
-67.86858547323861 
-75.5094525730572 
-84.38481164477484 
-53.64654285214576 
-35.13555729345751 
-105.74585802284601 
-77.60730864112504 
-71.48044207791521 
-62.772566375430834 
-65.83247726066597 
-72.82134353137617 
-62.43673078952801 
-54.11225172055839 
-74.60144557689199 
-77.60938290651845 
-54.75676171599565 
-65.70100087227993 
-80.84049960093637 
-73.94628832828448 
-96.14815334973065 
-68.943034983941 
106.28253385204376 
-65.52560853360708 
105.1308537240935 
-77.83751186433477 
130.52567670353437 
-71.01662384071949 
-44.73894815321076 
-75.20501094948371 
106.17875471752768 
-87.42416378288755 
-82.33120153350973 
-21.47308043762802 
-77.36409570383321 
-33.36248823032334 
100.47906190939379 
-94.90643700132313 
-72.43007689018074 
-75.43571676197067 
116.97436526392539 
-94.14668045370209 
-78.31638981854005 
-52.516862289386125 
-73.02127137022717 
-61.94190204012463 
-55.069422347698726 
-100.1038141631823 
-84.66024726287264 
102.27487569429967 
-69.00912997161733 
125.63987581052514 
-41.19908734474156 
-39.673104877953705 
-46.155841657780776 
-92.14474610490767 
-68.48815816603101 
-67.74348992100666 
127.24040573728129 
-94.84023542381668 
-71.80197519110581 
-101.17908318905647 
-96.56127503253079 
-82.58860643100861 
-54.90641375875507 
-47.46600173052149 
-45.28764322561261 
116.73758161827975 
-89.20490086020426 
-81.75337435186894 
-85.61017295956682 
-71.9232985365039 
-68.69223199380941 
-65.8067858907253 
-59.877592967181144 
-74.94413447784949 
-94.50579553626338 
-37.687282869305406 
-61.03358704872558 
-83.43033350760973 
-89.56122149639558 
-84.28388667706673 
-81.1403764223602 
-89.94918371863882 
-87.15959416432003 
-49.282139928088306 
-76.53917535663844 
-79.13777357161287 
-90.52908306809995 
-60.63941073219421 
-83.10367995064912 
-79.80191983900515 
-64.53475912830092 
-87.52116989548381 
-110.27242863194503 
-67.79220283283834 
-88.39943849616762 
-51.01038950308792 
-86.1629139526802 
-76.13504528216046 
-87.17667875333849 
-72.15379629190019 
-71.07600648694054 
-59.74147709734155 
-72.65679697508737 
-71.51331615659358 
-63.44263644214824 
-53.55631018411822 
-93.29121573478506 
-92.60247971339548 
-79.23137412417566 
-76.82018884233848 
-79.01473708155456 
-117.01540646815614 
-90.08959580549924 
-86.73637952180128 
-84.52195792936779 
-83.98910726235427 
-60.77602930431937 
-109.16716703717836 
-79.54543486052067 
-86.18546874720148 
-65.12281929959029 
-74.97358668631348 
-95.01921150153204 
-87.95926674600966 
-53.1227168956061 
-67.56047441279898 
-80.17185697557757 
-30.584986691806815 
-85.8271563998568 
-70.52043985523025 
-47.916032974951 
-84.21652871032558 
-67.7428117987557 
-105.02216384682276 
-72.85470967676615 
-85.79835493392399 
-68.06527045874124 
-93.15646274039136 
-94.06229469492925 
-83.25585834892955 
-58.801297330215306 
131.4251515518797 
-59.75491087218193 
-99.23852797269015 
117.9687691426129 
-80.04825578375315 
-71.89369336645395 
-98.4773540722871 
-94.60899413960549 
-75.76118388175856 
-79.09586016680562 
-67.57942345597378 
-71.38211733019673 
-89.22551523420196 
-76.4443405729354 
-50.182941118759274 
77.35814391578974 
-66.82925587181707 
100.30444170406535 
90.3768585951416 
88.30721562233778 
89.48219110942301 
124.431114139885 
-73.82682432223575 
-47.353424872362126 
96.33631957223601 
-81.54251755914872 
-50.246118404670355 
-45.981444604649695 
125.63646327659193 
-64.54399447987292 
-65.63000507046752 
94.4369968555105 
147.8069690242556 
-86.30504214195085 
-67.22105140210925 
-57.027657966353466 
127.76976938188696 
-76.27626561660715 
-76.19964275969906 
-65.99078316890173 
-90.75748342129339 
-82.11851736876798 
-70.3881359063695 
-82.78321750913355 
98.0399567329103 
-72.14415453951919 
104.61360939475779 
-63.04610959886376 
-74.48846256478907 
-75.51816688234145 
-83.00185006741089 
-68.44822553938623 
-78.61515778930918 
-79.45130834066347 
-71.53270469856558 
150.25473052234088 
-64.54067577067734 
-70.53210667039927 
-65.11102952860537 
-76.19123672442733 
-78.81845732796168 
-79.97448324608787 
-60.160977513463806 
137.77185415649348 
-90.21452492895735 
-60.62611244157696 
84.63985050142486 
-65.69641554180204 
-84.06915501488824 
-13.2737067471697 
104.12719661309661 
-94.62874741712463 
-69.4210034930698 
73.65239523581442 
-68.28043412657087 
112.25476143977626 
98.3716456768258 
-86.92967466391609 
138.0785589913154 
104.3192152229105 
108.88832593684128 
-67.57026994844732 
95.64203763129507 
118.03996821526138 
73.276327459351 
115.13650023456162 
-67.39258850193313 
-114.74017972144395 
-68.3609928453278 
103.30934816188467 
94.68924813326302 
-47.42806789511533 
-57.89465802662593 
114.08532315515315 
-67.66177931222019 
-79.20609376731632 
-80.05649173904904 
-91.1450552400755 
-98.71495899605308 
-95.99500599825609 
-57.178332914891406 
-62.956622411353294 
-97.5553991851611 
-81.17915804344199 
-71.58927181141414 
-67.22711715998177 
98.54144190080883 
-75.90741465599562 
-69.35755610621719 
-56.7444783823579 
-88.92644675511725 
-93.19259781485918 
-65.52697173691247 
-79.33423560115459 
-62.97360115961992 
-79.41733426358084 
-62.36743970077257 
-60.550522914656554 
-87.27131897018894 
-59.05983161362634 
-70.1376169590897 
-94.05193292812103 
117.38546950047346 
-81.0942972667231 
-73.3990801049245 
-60.365014662886246 
-40.197342389489215 
-74.66109708350491 
-87.13315082105703 
-58.217900746660106 
-54.360002203287806 
-60.846307615494986 
-73.5702787149215 
-76.77572321412089 
-61.00021977622605 
-74.33404064472097 
-80.42013181750589 
-52.57419890331884 
-60.349850702057225 
-97.91794014261713 
-68.71466761923669 
-56.42739123982377 
-93.17422971123541 
-92.92577693022878 
134.3177156883805 
-63.60639504234133 
-103.561606192792 
-67.24967330836631 
-49.45184372885184 
-63.738503825712876 
-57.71122616034115 
-59.2819199901393 
-82.87374911658002 
-64.97698231119851 
-67.64871977011545 
-77.03228274700827 
-64.30635319507111 
-69.54096267629487 
-66.70588084350251 
-68.10523858789257 
-57.330785069448105 
-87.6170833076577 
-53.875934308052564 
-58.505448258516495 
145.65815865068063 
-66.67490289816563 
-36.693721032213205 
-61.914869166239406 
-66.08130585781625 
-85.99811922383418 
-66.85268936208264 
-87.45491395844847 
-69.3368519263499 
-51.95364441906455 
-74.0385233784157 
-60.029177360292884 
-71.88177843527866 
-85.86847940770681 
-99.01631925130845 
-66.0862043764232 
-65.66980475724661 
-81.16232965328327 
116.90049516554332 
105.34933475015792 
65.38520582387241 
72.94690329367718 
-53.344487574655254 
-81.0675897735622 
121.18324639718786 
-77.06833461319056 
-73.8324354045801 
87.63019655435899 
-61.929852549865934 
-62.58512798618757 
-74.28175282908587 
-80.47286883864116 
-77.35184016066808 
-82.46227307344515 
106.12805019604798 
-93.05411575889528 
92.27076746849484 
-66.25408362831622 
94.31266118737946 
106.61933057703067 
-66.90176968486716 
-73.07514102728814 
95.9660097870884 
-79.43993734579037 
-57.07432386960978 
-67.22077640086235 
-82.10059043089215 
-71.84505075985827 
-82.77648863099517 
-70.5037901740147 
-65.14929121954209 
-61.043210892849665 
-71.23654101668714 
-83.61453015697583 
-82.1083534808088 
-71.04923552978042 
-72.71446375374649 
-67.36675446074274 
103.08316885122049 
-59.20614989767373 
-91.62146514458108 
-75.4565106390261 
-95.5026570331559 
67.6971420328787 
-71.26231038670637 
-100.66238823104442 
-73.71900894428941 
-86.13039648351707 
-84.9762071352784 
-74.71420998583953 
-54.1013089093867 
-78.06964094614429 
-70.17340796532368 
-66.75901013405797 
-83.60452612932102 
-89.01761251376433 
-72.20843083279337 
-64.17776994766136 
-73.92413697996348 
-68.59649127445064 
-79.02983906517541 
-68.45959574158192 
-86.40347073657652 
-81.04361592354947 
-83.59722847909663 
-75.63690015198233 
-69.76593136996708 
-56.55985913694444 
-83.76979040033481 
-55.37050588176119 
-83.02482959237223 
92.81909290218303 
-70.52831123134926 
111.56995626538684 
-95.86653752103705 
-89.5094733425871 
-72.16358803615412 
-67.64830225729402 
-95.06287513709731 
-72.71656875127736 
-99.03374818978307 
-58.57571890253717 
-62.44084102487272 
-68.20139260000495 
-109.81547061296033 
-84.8285588596933 
-75.14553697602686 
-69.92032884754543 
-74.11812697525072 
-67.81063678555117 
-79.60549268350202 
-90.4797209350939 
-82.0086404099095 
-65.3385734191426 
-62.23293868361753 
-67.01729647160273 
-80.07721182408555 
-58.307614214587744 
-73.47189937338574 
-67.13493374665676 
-95.52009995061732 
100.3800495605613 
-76.15982108429063 
-49.242803039767026 
-54.31251635535723 
-75.32007463782543 
-75.0909108679702 
-50.0430152077261 
95.88046903187036 
-54.9936841976997 
-70.71414868406531 
-36.5859944761863 
-91.18904754563556 
-81.01904314546157 
-40.7514485288079 
-63.30357910956147 
-65.41376715104907 
-42.85517362372858 
-91.09611613090402 
-62.33117083826373 
-70.28032300707055 
-82.06408489310813 
-78.35737999499524 
-74.41425264777251 
-74.08778179599885 
-84.73820260479869 
-85.86489533114481 
-51.485026174358126 
-75.72272399564343 
-94.68765500714144 
-110.28742630636815 
-95.11408009885928 
-74.00246369221122 
-91.02636208725072 
-56.788942221146165 
-63.11271083227775 
-62.177957802909646 
-102.5094444466692 
-62.18437713370766 
-72.18192558938183 
-101.60420447992914 
-82.89696821700669 
-76.65635302603609 
-74.45619071740572 
-87.45115073154369 
-111.75017015384621 
-63.53526362753526 
-70.5449490062078 
-88.75253002798692 
-48.83371078880728 
-71.300356589368 
-78.05479196056112 
-78.6742180761727 
-54.968336343925785 
-74.71123327462128 
-69.32960495547331 
-107.23956169233043 
-88.57578069871856 
-102.08417126980609 
-74.48560238605793 
-68.24705876337795 
-64.20905910213841 
-72.32537703290522 
-63.21821026075539 
-68.74833597477166 
-64.78040707353544 
-85.8226196752835 
-75.0252168463525 
-95.18938814335343 
-93.4783508112178 
-70.28121156364764 
-57.04086276309668 
-50.13588551079892 
-76.51310776018806 
-59.80619191149291 
-83.91664812311555 
-92.07898594346122 
-78.53997560344706 
-58.44046618419778 
-58.13869461023804 
-106.13065693129221 
-67.65216295886857 
-58.15148057631566 
-68.26732358205997 
-97.34458877793267 
-53.98872952488476 
-59.99297729753453 
-68.90695076170321 
-86.22021209331542 
-60.89779695279999 
-56.792501839825974 
-81.1035859135221 
-67.27023104204632 
-104.61632986232483 
-51.74913686625582 
-35.449912189290764 
-46.801486410447076 
-75.58543334641298 
-13.76792055686528 
-81.26210420731586 
-72.06131390612795 
-78.07451553829287 
-54.84130611446715 
-76.56843964985143 
-49.428922657518285 
-71.38261973248474 
-46.34739867587506 
-72.63540617723581 
-92.80980478800369 
-107.98295755685206 
-75.0294886086182 
-81.4603020861745 
-65.98635616622994 
-68.330505301435 
-80.22874148816088 
-87.33411583828952 
-87.04597316831877 
-55.62008736151017 
-86.17113250343742 
-73.5338486632147 
-73.57760254988266 
-49.70796457675787 
-71.30183448547496 
-66.1666691924686 
-83.06512255287366 
-74.95316369487371 
-100.1137499957063 
-71.26509478331471 
-57.67707382144881 
-50.961041582185906 
-85.04151694246245 
-61.697964715669336 
-72.7912447703065 
-94.48361146218325 
-67.57267541233053 
-73.9121149941388 
-62.629726980039 
-67.96257485204129 
-78.45244890597606 
-69.95986371016562 
-62.592796386211496 
-70.58823343980643 
-86.12135262063747 
-106.19083007875467 
-71.63990550887686 
-71.0901401773644 
-76.49027924550636 
-79.89757844803852 
-96.9680293770107 
-68.06249148542408 
-81.47418344095028 
-74.22611053990916 
-82.43294885217922 
-80.18803216365498 
-67.79875844551941 
-74.5476566172995 
105.05344757219085 
-75.97939072376151 
-61.70764070266446 
-80.84678490956337 
-50.804628671331 
-89.25927783180116 
-58.37525333523646 
-76.71229875597655 
-62.24038338936471 
5.334421370806756 
132.73300831507427 
-63.54069574932649 
-66.84153844056972 
-78.68335536228336 
-67.60688617541513 
-53.947912409104966 
-70.68914259962301 
-26.975232285224738 
127.54073202646654 
-58.504402072214276 
-79.30774674914139 
102.13850060643165 
-86.86404917211746 
-66.44346363213522 
-114.98213699081181 
-65.97377714367838 
-114.95192276662988 
143.78554108575028 
-41.04407920049742 
-57.291690853697624 
-44.984611001335765 
-75.45614564269167 
115.99939664866218 
104.53306920916872 
-92.74724720785342 
-57.13507310414808 
-58.8752363774828 
-58.207028117769894 
-76.38815129123951 
-69.34383989258416 
98.8520575384183 
-74.02459245321259 
-80.51342869381605 
-56.187307786704906 
90.60776030957857 
-88.61409133151861 
-68.98871058642868 
-73.66526497899349 
98.82391736164332 
-71.18991846847081 
-78.48590879319876 
123.26122865103882 
-93.45004530283161 
153.70232586985048 
116.17137628885591 
89.88847470874664 
-90.63581846644522 
-2.4472562833473326 
-67.85465471789635 
-62.8225319211098 
-81.25561252676508 
110.61048237768392 
96.68957696277477 
139.72143125925348 
-84.20343274205314 
-84.3087953578282 
-66.4626741755294 
-74.10015627066564 
-72.9069256702766 
-87.25859171890207 
-85.11496065283598 
-91.78827584760707 
-81.99548076549108 
-52.74813015004772 
-96.62697021243606 
-92.73239981886508 
-101.21999823388083 
-55.10710656196741 
-67.1823016651837 
-94.79637940560195 
-78.4396326944826 
-67.14309711220045 
-86.27417465026906 
-54.26151813847894 
-100.92826361942102 
107.441495661022 
101.17176698215819 
-61.88459413066995 
-32.297829138566414 
-101.89235539635284 
-78.61953597684379 
88.93426372565307 
-86.08658988453145 
-73.96835896599552 
-64.50595886266935 
-79.50360336259523 
87.3771492653223 
-79.74170799882131 
-68.04298879267614 
69.195776627168 
82.56624460392706 
118.14621161771957 
-68.1317539892649 
111.12211178931852 
135.84162996776047 
108.53789794228338 
-98.69325431976108 
-68.66559639530469 
-63.06942295473081 
-50.43184241229208 
146.69374833470377 
-106.70406838926601 
-108.69442509309422 
141.27310375375558 
-84.60398895919987 
-69.83966885159973 
-60.591637831742425 
91.85692147174497 
-77.88328391681453 
-78.10388824637182 
-71.86570102003607 
-93.16929123692773 
-74.14800879127884 
-58.92429445686288 
107.6333610749336 
-110.2502170185526 
88.33670264949698 
-82.31196351114907 
-41.09992415313258 
86.89223931253956 
147.26690072823757 
-49.9384524008471 
131.37356788458038 
-84.92200621630442 
-63.761533545240475 
-88.60026567345922 
-79.03732530630863 
-62.01034690558191 
-90.04095843618308 
99.17244831127755 
-98.50929647917962 
-60.917654057654815 
-89.62536481947498 
-86.93711775509978 
-102.16855236306637 
-75.84937218319652 
-69.35187954162713 
-87.9430000139406 
105.80364521192611 
-59.017074834157846 
-56.534952679922796 
-105.56865633798688 
-59.10608051637512 
-111.1805171940764 
-106.5966723956261 
140.55508808637308 
-83.08934412793086 
-74.05405750260341 
-62.70800815275394 
-86.44903143145726 
103.16024231292883 
-53.31577781786843 
-43.925584805743824 
-16.631563936526586 
-62.5158345030235 
112.36191805980944 
-58.57413379776286 
-89.66924476483878 
105.50727127921984 
-73.23652621277229 
-71.8905632924968 
-57.41956103041342 
-60.194043996348285 
-69.94432830724499 
-63.04640090897875 
-49.026034823756646 
-58.78353302262866 
-81.45417042783967 
69.68798222423369 
-90.30248650652543 
-84.11356843598729 
-81.38050607697986 
89.71834795650051 
113.75419207329223 
-69.03460830896483 
-73.50836896884437 
-68.87750132608504 
-56.85961695605233 
-74.45887211379102 
-60.5398493871985 
-50.310529102522835 
-96.80618480942906 
-76.09999301439662 
-57.8721181300584 
-86.01895774261469 
-88.6914412307344 
-50.10221207429561 
-35.60387001621128 
-76.68835123242411 
-61.30438084833988 
-94.08143117190933 
-68.09074708942508 
-131.36328616121196 
-67.91627077378116 
-70.46205759241197 
-68.65994934377754 
-66.73001902934602 
-70.75427841075542 
-75.35841948743382 
-94.63912283298072 
-75.05833180122356 
-99.52327670498566 
-108.83361723226942 
-62.21213582484303 
-54.57540828654838 
-59.85464074092627 
-84.81536501876825 
-50.34698870602009 
-78.01259363267272 
-102.75440560198028 
-107.15465866181066 
71.62262545238404 
-65.83958551111775 
-78.63035194736625 
-51.630068078721905 
-62.61137837218018 
-89.3259971823134 
-50.365180837330044 
-85.38795572842484 
-77.84557098889185 
-65.85419482334306 
-75.20527832494766 
-63.10512608109643 
-49.23468591485384 
-76.64663080341006 
-62.53377123846897 
-67.47713875020385 
-58.349230881487706 
-68.15127830163851 
-64.80785084295181 
-91.16075212928766 
-49.102243980216144 
-71.01083445899332 
-74.16095711909139 
-85.33682139191708 
-59.5866957654107 
-78.36321857193019 
-84.73037019629116 
-64.68428329229394 
-76.52880938431872 
-79.7758178038248 
-85.2896149696743 
-88.23576790633598 
157.80977642902263 
-97.21411626048953 
-62.20970580420917 
-62.84798165197842 
-60.41576237648445 
-82.41649458895922 
-64.21943339528056 
-73.5035563545315 
-61.25075788203741 
-96.47512596631461 
-57.84643348175519 
-78.74136550230172 
-56.5761447187038 
-75.56305850259967 
-78.10206545259152 
93.92676324472141 
68.97997873298993 
89.68019797631379 
125.22127521593379 
-67.18348539325991 
-77.12542563856942 
-98.69935274201016 
-79.39497192974687 
-73.26332204051533 
-70.77144598340725 
-46.72274496306056 
-82.03740330506153 
-82.89216765833852 
-59.584702585405935 
-82.94754936690555 
-59.23049705959709 
93.50173993758459 
-38.493140891393935 
-61.08350836596567 
-65.97315848663548 
-61.18339353741164 
-85.69228657153002 
-62.805943194995535 
-62.48923628199392 
-56.73241139393039 
-76.26933070026072 
119.42793703586311 
-68.28747874633149 
-82.51360072029269 
-86.11918304632185 
-75.71795256993107 
122.2059717588942 
-60.919591479142255 
-78.15342327936129 
-83.3001815835338 
-73.16102191711242 
-66.48288045525526 
-71.12954065603192 
-39.40197629536185 
-76.47338794964601 
-75.42763583691213 
-42.68996862141333 
-90.78709965442776 
-66.77924790523922 
-66.28625292910614 
-74.80271038309363 
-70.26328379446998 
-82.35513399399682 
-73.72050037001283 
106.57119718340424 
-80.75124933454391 
-59.357021428443566 
71.06950745367675 
83.47898316710216 
-71.12662506836732 
-69.89002468156644 
-94.51197904030073 
-71.14812098206046 
-79.3533363941988 
-82.88912645315662 
-86.51273265663394 
-94.40008794428081 
-54.65644954164977 
-67.40479028531497 
-77.36743011712667 
-56.70350685942965 
-50.37716280573385 
-49.82445841270749 
-77.43072248040963 
-67.43829588831943 
-67.84244596672576 
-72.47430132426285 
-92.82098828469644 
-60.839583096961 
-70.90965695673255 
91.76600046912253 
-50.83663425933716 
-81.46986137047928 
116.86158355349184 
-57.87827037503067 
-65.92585842966957 
150.34830724366168 
-49.99384841177599 
-73.65342771123301 
-91.39868874582253 
-27.000072428192013 
-67.36648196845576 
-95.29720662300592 
-75.86680254149653 
-61.71213045800929 
-80.05460845538119 
-52.59635634077549 
-76.50893840499896 
-89.67782186616385 
-49.40858488032498 
-54.65568484476902 
-44.038483798912324 
-74.20646080165918 
-65.30339374960853 
-48.18182695139964 
-34.81266409833495 
-83.74230560710178 
-73.13168074759697 
-72.79814509165546 
-70.78175377348332 
-51.72470662389942 
-62.174022562733924 
-98.7272160488507 
-65.32051747201193 
-69.51894768345878 
114.36313951881685 
-68.90799969316912 
105.1619796305701 
-93.5109838237692 
-62.40457822845754 
-78.3227120317269 
43.30367361294396 
-72.80402982499604 
-76.62943519882992 
-83.44697026085353 
-66.92952871592904 
-53.692240534835875 
-59.90436916370568 
-85.33385721205217 
-67.86945298282822 
-34.27435556160661 
-73.35022354816512 
-63.365489220167525 
-55.57568617202177 
106.56727787103456 
-61.879580913037636 
112.97374832890627 
-83.38457555137887 
-77.71675386010635 
-82.63624913572268 
114.56857005056722 
-84.76396534064322 
-85.59080216618251 
123.61146355766594 
-63.10212812134222 
-79.09933604857818 
122.16406619652246 
98.55599475526135 
-59.286396833979246 
-74.3305780437681 
-50.85462249449318 
126.04329731542501 
95.5579926023926 
-80.86134107414887 
-77.5394090821555 
140.5736009500932 
97.6605968854736 
-78.6931895226358 
97.76123191807282 
98.2367691033034 
137.3609628038509 
139.48674129292627 
103.74153974498678 
101.55803997214251 
110.49467276290086 
-100.70742272441777 
94.95171685561246 
136.97538699402847 
104.58158943450358 
-54.74463424152012 
108.58242077179625 
84.92075752265819 
92.85336770906088 
-62.285238820694545 
102.10677811287046 
76.54942031892581 
-56.16916653828046 
-81.65486892628361 
-71.93745281379756 
102.96467706249844 
-70.91308199621649 
129.57043573629088 
-82.34572426534939 
-107.99563212549171 
-81.10395756976736 
147.41837227980076 
-40.87153292642646 
-57.99045266841088 
-76.5860541403224 
-56.15272896908184 
-50.27107342832255 
-71.57086920107722 
-92.98122276490261 
-80.21464491537375 
-98.02787375521086 
-62.514697164683376 
-48.09393768543315 
-78.70523806805298 
-90.69658932451311 
156.0442702252309 
-37.534134717695466 
91.66667396236231 
-63.63025942174693 
-79.9573374142674 
-77.7124166197885 
-74.47060082885476 
-72.28257507753969 
-69.0631656993514 
-77.1401667425025 
-85.88030451527865 
-74.25414570939648 
-83.44176248919943 
-119.19110591110079 
-75.90535423462349 
-69.8180235862539 
-75.1651160400198 
-66.25041068880063 
-86.26953264479374 
-93.86933892692056 
-49.80317264139228 
-59.17754976724704 
-83.17496227492924 
90.89566042585267 
131.74711443559164 
-62.07405145246392 
122.18446527731615 
94.89965275879663 
123.73689014475487 
-48.33384740653597 
-85.70639746852156 
-34.388348680413 
-83.1291586344656 
-47.404275400278166 
-65.17112896381234 
111.60443471861632 
-56.62068851779841 
136.227988448305 
86.63606541401164 
-80.727897909352 
-54.75215789641909 
-93.94596867306421 
-103.03485767512925 
98.78791715087722 
-80.84646234946597 
-49.78710737546264 
-84.95657047347127 
-78.00757727134601 
-78.91209551558197 
115.02813028133669 
-70.85576921482254 
116.36283231125772 
121.23968032415436 
-103.91245785628729 
98.59868279152121 
142.6903257726569 
132.0537974563303 
145.4253320608584 
-67.76749396299827 
-55.8212503459654 
145.26914075615122 
-88.751020957682 
-35.51518297544662 
126.5687922843136 
-73.88938481877251 
113.24853950585279 
-39.073723170758065 
97.72606167629357 
-66.08062463921033 
-38.66129659036033 
-74.17773605090026 
-97.31317839808548 
-63.41383441919658 
-57.44337339708056 
-74.47759234057752 
-69.94419765138163 
-82.63079366029662 
-73.41034473081707 
-68.0770564386349 
-97.61575040290748 
-57.12612140454907 
-68.85468501429801 
-73.04505789117044 
-101.94909232129199 
-58.85425821638631 
-76.16981538282396 
-46.26440759485272 
-58.60372176148872 
-90.70036422163273 
-75.80831069232998 
-87.58910285112151 
-60.81886145341826 
-85.08859630440357 
-42.29039782986062 
-57.93225262084997 
-88.81806741665218 
-64.70321227800503 
-83.51813902397234 
-73.17946900194595 
-77.04424755324136 
-66.0866058288918 
-59.01552045745318 
-62.51973194827964 
-60.54021327144161 
-24.679597348049708 
-40.478203966071305 
-70.21621789823432 
-78.42566650411857 
-61.01514631611032 
-38.35397697982863 
-53.92955147850618 
-76.51217646807363 
-60.44867950960543 
-61.256507510868296 
-118.34930381269275 
-83.05446959259369 
-62.088979495410655 
-58.61329051950946 
-73.01086091894656 
-75.85122511489315 
-63.73411077886237 
-86.27829517614973 
-99.46666811600178 
89.05806378485502 
-55.026613852602615 
103.65896201897108 
83.48803459725401 
-62.785973716380255 
75.37464946877768 
-60.7240256852579 
98.51911411264409 
-63.304493005623065 
-72.73049150498477 
-65.29067778040331 
94.42988771257461 
108.05209818638717 
75.62458298394462 
-59.44845480488629 
-70.55389500824265 
-99.03658234370269 
-74.38121541620492 
-79.99054715875671 
-61.12730799160858 
-74.73121584777896 
-85.01242034311463 
-69.32091785080993 
-73.6400929804583 
-106.14985568016101 
-73.78400701297656 
-68.6541367872934 
-77.04386461381914 
-78.23386460905023 
-69.2573853749115 
-101.137301476709 
-69.79314834354301 
-66.24671127050554 
-82.46541336959933 
-55.356573003220326 
-45.414619789049674 
-70.59459095426354 
-81.3710502092199 
106.97986221065528 
-52.69414900859713 
-48.28082184568142 
95.98364254054611 
-78.62021614752784 
-87.73673250753934 
119.23889442359143 
147.6522724873331 
-70.73775662055827 
-60.88612986481539 
104.232654333822 
-92.24566121238077 
-76.11385571042831 
-73.47304126354757 
-54.29000231295833 
-55.69026789084796 
108.80458782985029 
-81.03046972250951 
120.76876145511181 
-46.51946395519865 
61.52884369906526 
-62.46851394681017 
-70.44943759527077 
-80.01647689157804 
-65.35004035525486 
-118.12288847157794 
-55.13482280939031 
-76.03262331848887 
-70.43385256635867 
-80.97561951743073 
-70.27639586292044 
-54.98191326549665 
-83.71141712792088 
-77.85806968837048 
-81.13037490222125 
150.5732257394022 
-50.12985505030179 
118.88210664556196 
-74.36105705150815 
-78.33871069103893 
-76.0599582395623 
-67.98711811696863 
-68.31486650393941 
-104.5693014548019 
-80.58132653727576 
-70.43768869719538 
-75.40001203893334 
-67.28564545768317 
-72.52699833410811 
-56.64515951444682 
-78.65087646933834 
-75.84133043090016 
-73.09590273189171 
-66.1724055723932 
3.7870398249888013 
-76.57714814327441 
-58.353357968604406 
-59.11582003101294 
-51.17131171262857 
-84.83445208101789 
102.85722716598882 
-83.89638007104122 
-43.50469276754482 
-87.26450571232853 
-86.22903551807238 
-82.14932090447451 
-84.64444057760197 
129.22570850013392 
-69.06835755695639 
-86.95367669808009 
-78.47816252527782 
-99.83882557786116 
-86.87414386278476 
-100.17864337559665 
-99.16508218212776 
-36.78324826433748 
-72.4414069834258 
-59.0679092809414 
-72.40386152742225 
-78.89368264704672 
-64.41432076898987 
-56.99697678711531 
-56.023185374679535 
-68.32559941092877 
-75.6473201775575 
-97.68723906494253 
-105.14673778229431 
-84.87264649813211 
-71.60344598508492 
-77.01444365305375 
-92.760962281308 
-56.76855701210922 
-72.20696606505064 
-76.12832772393766 
-83.44180835948448 
-85.39913543632517 
-89.85179170343615 
-58.584591038836194 
-79.8008442625479 
-68.60221067269218 
-60.654048225165305 
-84.68915767667622 
-75.01403737570016 
-69.79017233643766 
-78.51739193270441 
-74.8195450368255 
-72.14888411540285 
121.46747466228925 
-62.631190014170755 
102.87537722213767 
-72.07887146528797 
141.81424224518153 
-87.9841894998295 
-111.76250052997212 
-65.34001867555655 
-66.77934627475362 
-84.03495655846592 
-78.69500492502327 
-55.929056138115975 
-79.97291549841063 
-56.15669183808096 
-46.058253838162756 
-53.82686734750593 
-66.2366938362712 
-54.01139420842199 
-39.86015666827725 
-89.4442974079408 
-57.87621952994128 
143.7314356550099 
-106.70689539955724 
-43.71746504169756 
-66.89529004773827 
-66.25786178427988 
-71.02818657801267 
-69.23803541711736 
-53.85839203634493 
-85.70014113694043 
-61.27504534485329 
-73.96214957087471 
-84.06214602970732 
-86.12620031044659 
-55.334945563175495 
107.6059640651044 
-58.58311285243896 
-76.57806718245544 
161.13255624858556 
-59.583502484816265 
-83.04114190619477 
-72.92821818535968 
-41.842773680930314 
-61.51667149260823 
-59.219025969680025 
-54.24142260030524 
80.79163009184454 
-77.53216777040774 
-89.1132729305009 
-75.68214802732317 
-73.19245419837254 
-76.26011202594472 
-101.18517249425335 
-75.26011181410324 
177.27047942112188 
-61.75890943257492 
-119.98898902942551 
-84.04092408731267 
100.1247804667068 
79.11252759270269 
-91.62626554515369 
-81.1045098631609 
85.47340997279576 
-67.92717247483411 
-69.81191247871496 
-79.06050315137524 
-73.71756472742761 
-74.98841488019634 
-47.33608648233891 
-79.91522010010546 
161.87141682750834 
-65.49268559681788 
-80.99656973274516 
-65.30524201913401 
159.96487771391594 
-76.07812137814992 
-62.507787791397355 
153.09763617424974 
-49.18282777079749 
-57.27616063694124 
-84.2680118433467 
-62.37733755056135 
-90.07535261893766 
-111.49765990211243 
-58.44755013593096 
-91.21789334755813 
-104.56931147464647 
-64.88611567979578 
-83.24273094801931 
-59.16932250434931 
-63.91417680160578 
100.08288727622016 
-64.69883629659475 
-54.038744942786124 
-89.84953559847472 
-80.22629234774556 
-52.586218026873986 
-55.46767616795434 
-50.60696288167291 
-66.77732656150137 
-69.28893062814028 
-45.20361976305311 
-66.2383951802197 
-101.77860068198375 
-84.30248125454006 
-80.28885765401415 
-83.62447871035675 
-58.66930070423602 
-60.48525244562247 
-70.09376482731494 
-62.21131389104491 
-77.26108232240928 
-75.52250860356372 
-85.88680993667606 
-117.88660937219736 
-40.94289377873505 
-55.4556008189092 
-81.20872658954724 
-53.23822861280139 
-67.2323000620969 
-63.35396561723501 
-58.89302192412641 
-43.12594054579103 
-72.56307418632768 
91.84379059860242 
-94.73338190191811 
-88.33635295661904 
-75.51106107754711 
-68.49731637199143 
-54.82300002243575 
-56.061611430816214 
-69.38528404859657 
-73.73186429312582 
-96.4559851342593 
140.76220147650844 
-83.83797956930117 
-59.13147999203311 
-64.37414253033602 
-61.854403444247566 
-80.27961398964378 
-63.6860069695355 
-49.00123780497537 
-63.083669988196924 
-69.51534932684798 
-45.19109457937587 
-55.567875820691356 
-68.78326660756406 
-68.55773425316872 
-73.92110443656517 
-95.83732806983443 
-80.66721311898159 
-79.85446222297504 
-87.96695211656035 
-57.16524204541379 
-66.15988708135956 
-32.02045239410536 
-93.50715751807873 
-87.79741374299597 
-80.90628666010142 
-75.75118475214762 
-83.68651019652108 
-31.11773165144954 
-91.19665346793799 
-59.96282687600262 
-98.50980579107939 
-95.98072041874703 
-44.934647900714914 
-60.19974229559052 
-79.47526126316858 
-108.90129270961916 
-91.27518117489288 
-59.43088150151391 
-53.68057937516469 
-84.32928391420438 
-87.129994376665 
-75.7452761783459 
-68.61346969853864 
-94.04153655066443 
-82.62884305518509 
-75.15588677703806 
-82.33107047666276 
-46.27151889480977 
-66.31361004279525 
-80.54435451166671 
-76.02841644261292 
-115.72571846919445 
-46.17389052341496 
-89.97164993056492 
-93.95956166484908 
-77.51263684448278 
-63.76949003733275 
-86.94095960297888 
-62.64055715203541 
-72.85771321754852 
-78.85852189236434 
-85.70531712031581 
-80.46982087308947 
-72.71420748711736 
-103.2503894686617 
-72.5655753023916 
-79.42576279249613 
-108.31560267817494 
-80.5765429307992 
-90.17842753594054 
-49.2010350671122 
-73.40181099354002 
-89.66466975756323 
-72.32713937283859 
-82.44275337470492 
-57.42752658656497 
-89.37086052565688 
-71.80010737762589 
-77.39619071035085 
-73.46813488210081 
-67.81994403655087 
-51.11378280820688 
-75.08223889076889 
-74.59824432758226 
-65.44268952897333 
-91.9850277764777 
-87.77696641325018 
-59.62652578984453 
-59.557983530320456 
145.25936089928743 
-71.3412709254982 
-64.8577521108263 
-62.46171329075635 
-97.11296367837488 
-61.053395998327154 
-79.27729994241174 
-94.99403118063826 
-65.57923075958684 
-61.176266921567276 
-88.35766218823883 
-68.97748545583168 
-52.276813982640164 
-72.47777620253359 
-51.281875895467486 
-52.999577327955805 
-74.62337064576019 
-72.49548892849829 
-47.20164942508701 
-76.73376968115245 
-101.0031045544157 
-85.83466257092685 
-84.5399911059701 
-65.19837602393889 
-81.00727420089841 
-60.305381152741376 
-52.73416239554494 
-59.50301812997291 
-53.4577254665386 
-47.97260351366235 
-62.51153205980179 
-66.97593651832099 
-60.990729846814546 
-75.05302550965234 
-74.57473107816097 
-73.93955916016859 
-56.24477377138058 
-117.289085754768 
-58.953667860015315 
-83.02784170488306 
-65.00558359141971 
-71.75584960606591 
-84.16101433498835 
-78.69662447059748 
-71.78007196655945 
-72.6137014705149 
-55.24048133424741 
-74.27597013629209 
-32.900838184718594 
-83.325036574802 
-95.71810126898079 
-89.8888444670314 
-75.30649690482443 
-89.74534053871467 
-69.58569936826548 
-75.88233822749856 
-90.04019012440607 
-88.34295102798244 
-62.593147483380946 
-80.25185335938285 
-60.199643302481626 
-68.70247390305698 
-64.34218546011627 
-70.21082518122161 
-78.89292007471076 
-54.52841839926089 
-64.5427779101522 
-98.93033154403547 
-73.5222720717922 
-68.02228565729962 
125.60514228033107 
-68.34948630660463 
-60.184045543452356 
82.6302612963694 
-78.42078022648558 
-70.2291365657017 
-77.4322227153529 
-79.23404304691022 
-65.61413412775454 
-76.46135119188752 
-71.6413491691819 
-54.5791617761296 
-66.99374807586422 
-62.50224025343409 
-89.26542748541272 
-88.43719509621496 
-73.51581708682153 
-60.10531556580105 
-74.35554405446229 
-82.29448190019636 
-79.3364691914224 
-70.79071356823276 
-85.0390564007055 
-76.72116547795052 
-67.53420337830946 
-73.84201542199781 
-65.03902240150698 
-79.87752768985939 
-98.8308637904739 
-81.13128831349727 
-111.7568263440533 
-66.39499316018808 
-99.6608451099392 
-86.58003792181688 
-53.001803037326106 
-60.77743508086871 
-83.54286887677432 
-54.61702290113389 
-93.8327761818458 
-93.4714736349497 
-92.67884477092136 
-65.71870061637799 
-75.02732570941023 
-61.01005484331636 
-76.86269225398193 
-76.79641533831003 
-68.4452186163557 
-81.96097126518546 
-78.3817259694439 
-77.22711442377013 
-70.49915156191763 
-62.366158580953275 
-78.23060826694253 
-71.36704440753365 
-75.20838969477474 
-70.12672423261355 
-70.11347231880335 
-81.76513652894369 
-82.51697309479168 
-58.41368478370249 
-52.567878251665896 
-85.69753990385475 
-93.94920433944637 
-72.88828780104268 
-68.95670322905373 
-35.91315537398914 
-77.72467439355013 
-114.06658700875279 
-69.28940321905195 
-84.76192435989034 
-62.87835321174416 
-56.87510663826347 
-64.83517809251808 
-72.60570294921342 
-75.4416699568689 
-90.3771191551909 
-67.16949476547146 
110.13163119962532 
-72.32003124111819 
-65.45575569417036 
-63.947657956674334 
-83.53733176413243 
-72.76022348097237 
-52.170511054879114 
-86.85197131522854 
-60.954306099915996 
80.46005260636754 
-88.84799437832844 
-63.61397343941585 
-61.96592957304257 
-87.2462046962999 
-71.11635296082511 
-49.04293169153222 
-78.19922187842816 
-88.44517335231667 
-54.8305742713974 
-87.47089035311092 
-86.95141750186285 
-76.05809833843712 
-67.8793635303001 
-69.84292238696432 
-64.21814609100052 
-79.29932981413054 
-77.7155920666054 
-84.2549646128535 
-71.25396370737671 
-90.10007964077369 
-66.1430582352166 
-93.73424578373177 
-43.50426573351796 
-53.144445479712225 
-97.06272953223758 
-74.6076497246997 
-56.96562663884303 
-69.0702085732095 
-85.663930981374 
-80.19171680674697 
-97.85849748705752 
-81.78348347629866 
-87.16899731922352 
75.44111115634364 
149.0421731980928 
103.06362326836076 
-84.28041660491867 
-81.09167106363415 
-50.132254907623874 
97.79699636553077 
128.93244703284597 
83.30088287314526 
-65.11494672421631 
-90.05896427145213 
88.45008522121982 
-86.4797427039983 
-78.24166007757565 
-90.26097762184854 
-54.05287899961119 
101.30861051159904 
-85.4123775784008 
92.3412303105777 
-75.69204862159984 
-75.264391232273 
68.19574447528622 
-59.32547041302178 
-79.13801007677449 
-72.05348123616577 
112.94797704138865 
-39.44102696808426 
78.94599921187718 
89.4712125757283 
67.98125952839034 
-120.92686569738491 
-110.34372673489239 
107.94414724890453 
-77.58687852521106 
-90.99885569353698 
103.52033772997602 
-77.66926570681606 
-81.7402831670873 
-75.98840516181991 
-126.18861605001057 
-66.8223568632243 
-76.50768223322446 
-70.62833212599986 
-61.256177847216186 
-81.86577647461888 
-72.00696992445158 
134.69685542303196 
85.86808214364355 
90.73342325873428 
-77.29826739996712 
-82.32114821954629 
-57.99205741078105 
-72.3840476145615 
147.52740302388037 
139.4078558916633 
-56.675865722776045 
134.6880143889947 
-58.85354875732004 
-60.09597423100617 
-93.94810693349869 
-30.366505025822782 
-61.52463132157949 
73.85627052552663 
-93.49033979757654 
-69.74753292075816 
134.79926475436565 
-72.6794597242679 
-77.14523216352785 
82.38642257419657 
-80.04151815034298 
-96.2926235455215 
-106.95542496024838 
-65.01368372188752 
-72.59782139067 
-61.41153282749676 
-82.82511117366028 
-74.27699991410803 
-85.38922651713412 
-93.31904608892266 
-66.28111667712093 
-74.75213827276464 
-91.73274085890736 
-67.24674003561428 
-66.25582027580367 
-74.06215101739642 
-56.80709606162168 
-59.49611456617757 
-82.62984591321018 
-68.63418661323061 
-65.22423282580635 
-52.151320722456084 
-41.84237228906066 
-63.08230404401146 
-74.63540075996292 
-54.43525762768797 
-56.6151968837767 
130.01181500673158 
-111.26153436316211 
-104.44356994177144 
-75.04985622406477 
-31.860879704131747 
-116.97946079616625 
-70.56979834375971 
-91.86511297742234 
111.21645545725464 
-33.78113343702792 
-89.33128287067721 
-73.00185059812209 
-82.94061532214972 
-82.4030611614891 
-72.82472382878818 
-59.539989531249276 
98.88096893508705 
-70.80073228658989 
120.2153486793549 
-53.91637051945358 
-79.35883828751915 
137.2240967211164 
-69.19409643998748 
120.60090891927359 
-76.6270374414196 
-76.16632849731273 
-56.10826990553796 
-95.71648819505633 
-86.04266414479406 
98.61453109473844 
126.4633570778693 
89.02972999447563 
-56.79817936787201 
-50.506152280125576 
95.61812597104498 
106.91097774742383 
-75.17852564906951 
-89.63072908175592 
152.04876903494525 
-125.75697308782988 
89.07497735308844 
90.27757954853539 
-62.767194318294834 
-74.91558607863453 
-40.85214281648196 
-55.22159841615658 
-99.1588172443307 
-67.18940984891591 
-55.529701513876645 
167.28376605055462 
108.59792127951457 
-106.18481539644125 
-70.76224194827181 
-85.06856892997152 
-41.19956433888784 
-79.60617578688347 
-58.75784748575041 
-67.36346456871624 
-57.60712037842339 
-77.37142383393558 
-68.13970655046063 
-68.79968700078692 
-88.28466933088077 
-54.413543749363896 
-83.53884432924072 
-82.9665320789165 
-58.34652741477854 
-74.74784575445968 
-62.11371375552523 
-84.9111365764371 
-80.45186722381514 
-111.31061328849206 
-72.16959913175141 
-72.85721006075659 
-75.2104977118987 
-49.2542989821445 
-67.63005319911213 
125.05036640907623 
-75.86269575830963 
148.1296613514493 
114.04359096138923 
-54.31815594649432 
114.32634254507101 
113.89790395681901 
88.87740707746515 
-86.14816799136595 
-61.22486889212932 
-73.53792236743696 
-60.49908487790793 
-75.07524286033349 
-69.99830980665354 
-74.90908443230248 
-81.12700514028033 
-67.9426564338743 
-56.11599592565208 
-89.53051183317494 
-76.35644378113274 
-79.56682364303768 
-67.18733149805006 
-66.0460534115385 
-80.06963072675235 
-82.44896529652894 
-82.74671170183997 
-97.8123929639738 
-73.93824792857706 
-90.33075690657311 
-42.56877219847636 
-76.96478731042633 
-53.75947965921592 
-87.29894205282761 
-83.24257353754204 
-77.86772215824149 
-59.24729058914483 
-48.565083291561045 
-65.49033158824051 
-86.82870387024911 
-48.79832245989095 
-68.35593401005436 
-66.7744382297454 
-90.97878761187283 
-84.67211702299477 
-62.274023650364526 
-74.34245339980787 
-73.306660332904 
-81.79062223893338 
-65.86332997738259 
117.68694008135894 
-75.36011289672746 
-71.63716143254351 
-67.86649373516374 
-85.82794797785205 
-62.23495389634583 
-85.40318425834998 
-77.52091689858067 
-87.18565198088648 
-72.66253792212495 
