-63.71370693044308 
126.36032571188696 
117.37100319684922 
-107.2577441606127 
114.85966868089716 
-78.49336982718314 
96.93390067172415 
-71.16194567651483 
141.30140641505758 
155.0407265271256 
-64.34090167161342 
138.35918729013045 
-92.71343053904789 
-76.13568823009754 
128.32487193107784 
139.7428079844451 
171.56395520313916 
-58.08858241488278 
-67.83982403334244 
-57.383627306364765 
83.20294614054465 
-63.6750430107558 
-66.00535183955537 
147.4209266448105 
145.20107984196653 
83.01253359385824 
151.406211704768 
165.80645996904624 
127.4353760834929 
144.98220603929303 
93.0778711442946 
129.98971385998541 
-65.40712143054564 
104.41316716981488 
-92.50835333099732 
-77.33356581720695 
141.12653351307677 
110.81200837432125 
-52.346769203398786 
144.67135507541755 
-66.57501683640017 
-66.55861362202111 
123.43837418912302 
-80.41938247601581 
141.96875976472964 
-53.80175728364778 
-82.45789705025692 
-66.34129880250805 
75.04368331098091 
-88.40959232649006 
94.42367504319252 
-61.36666424506715 
-78.07387251342014 
120.69126304596976 
-35.958307674584645 
74.49809862733485 
-63.34864660306031 
-76.31062276228553 
106.82575784756094 
92.357602925161 
157.9001032327124 
-33.911406168495006 
140.10422485624986 
-46.79489919606269 
97.32407129976436 
-66.42186193259694 
-62.361883497197184 
128.3296961691702 
154.0665034752066 
-55.9669678350256 
-45.27201608225848 
84.99480211139371 
-77.40776380616836 
-80.80170782061454 
-80.54827267074394 
-66.49223027341966 
109.19737449057455 
-62.83210023062423 
-60.49998954826802 
118.17789929879466 
-67.02144118309549 
137.4210762462226 
-87.95066807942662 
-74.9291743820907 
-75.62858008998754 
-66.84886910194867 
-107.4151182479038 
-59.7669873474923 
133.60951666744558 
-58.44907536388624 
145.45601642404287 
-80.91457706794054 
-47.569902343490426 
88.36845844062486 
-135.81975139048882 
-67.3795825649946 
-50.60905906085772 
-86.24128865389932 
-82.04193027074241 
-78.0098035630675 
-106.23494690851034 
-81.13340179970949 
-74.35306054492267 
-52.06314656865313 
-76.63801815617013 
-66.06268752087594 
-19.451534101998313 
-25.427515135583075 
-61.41857840454369 
-63.39014274941526 
-73.41867516599292 
-96.26234705149619 
-76.43131275274634 
-50.88696197620995 
-63.95903239310197 
-48.55397816209372 
-79.23755663936886 
-65.39112693052651 
-90.20639496916704 
-100.53978251651434 
-64.6969876673153 
-80.5372765100702 
-100.74791007439319 
172.26376081917337 
-51.33765720949376 
-48.49460999999707 
-79.35739337171005 
-70.27530228482574 
-69.10325902622826 
-61.340679842904535 
-67.05229129902509 
105.73893180673396 
-76.49059594435754 
-83.54370822072136 
-84.3185034974879 
-75.63380525734567 
-77.77980239973226 
-66.66142907663948 
-86.68729357403811 
-59.90551458165979 
-60.320892120646114 
-111.87995863509768 
-63.60182535633159 
-106.515431106204 
-44.03472516687365 
-79.71677832829924 
-66.17991040402856 
-61.70559644544964 
-85.30559971674788 
-136.4555094501815 
-55.260914182101395 
-70.31146586606025 
-161.78406007257664 
-65.18217833957488 
84.51041479187258 
-72.15892945516798 
-60.95479922237611 
-59.67069055025079 
133.44497223452288 
-63.27265993967754 
157.78262910224035 
147.636615006185 
-93.28355206036296 
-65.68926330369735 
-86.11197392440594 
-71.00360581407747 
-55.2954679635106 
-80.39358644041754 
77.22333224084927 
-70.55121398000041 
-93.44505736817916 
-62.53097648699096 
-52.44634741000341 
-81.69291961480447 
-63.969935360155226 
-82.998073950759 
-63.1246682730658 
86.32976902251289 
104.44143914529757 
-46.688380204527846 
90.29411029861777 
-76.84551708752576 
153.13869385589155 
-68.74431866156381 
-67.24067616010625 
96.63727477885607 
-96.72918719685252 
-77.19826889796309 
-86.64714835832292 
-75.64200937244014 
-83.9888993452897 
-69.52500954980871 
-80.1415939814598 
-57.9211272723702 
-70.35073279407277 
-82.97557677452328 
-76.00533500446402 
-81.16951220800334 
-39.486329395757465 
-69.17178576836571 
-79.70818339170688 
-80.23718944630717 
-35.990090153595354 
-72.97062718577318 
-62.523259687132864 
-67.75459384212559 
-59.26461134285856 
-84.83397065132733 
-89.80048409560025 
-67.1517671406768 
-62.997458434479775 
-68.91253771362204 
-85.77601892689673 
-67.10682405214342 
-73.9312933746099 
-61.59487257222096 
-66.31352304842177 
-54.01455417139636 
-63.19162847085571 
-46.037851565403315 
-42.74287644791697 
-84.96425048868635 
-64.84777147936198 
-49.30373730205701 
-45.64083331100871 
-67.26184396169585 
-91.3940602803528 
-50.68789695047681 
142.9168697156322 
-90.60647026050754 
-57.16557281907453 
-61.87401602065429 
-88.91430064186555 
-54.35473464870533 
-50.91813054845237 
-60.84478117512124 
-38.45261053357648 
-74.00888641993005 
-67.48541871273683 
-69.11108417202726 
-62.22136062022873 
-48.75105761596157 
-62.60729042907101 
102.9075785769819 
90.01168380290429 
-81.82282628681234 
90.0804574759958 
170.1863830697138 
118.21850262631305 
159.46889562220204 
-94.6310731291575 
-59.98914644233815 
-42.32962767802812 
-59.39397632096312 
-78.90014272895536 
-65.9129152422513 
-27.961605115191976 
-49.79695898927678 
-46.65685753413206 
-76.14346198743928 
-75.48842937056655 
-89.37821446281399 
-33.518364999332846 
-67.0323189225422 
79.64546565447918 
97.41480973549896 
35.90717871561752 
126.62573092843212 
-56.67901247139174 
92.73322945950129 
-60.33719794829497 
-80.2906504092854 
75.83092737383136 
-48.59153731126557 
-70.56962887819965 
-16.215904823984832 
-64.34168113624214 
-82.46296699621305 
-77.51129041390543 
-80.14132532730662 
-84.60202562965337 
150.79640905237162 
-68.44751993625482 
-100.01515715405056 
-60.981524406269585 
-79.7477432805921 
-22.030564732938085 
-52.07776732397093 
-81.17132963931185 
146.26841334748508 
145.11851195339364 
-50.552451459425484 
139.2693391742121 
-44.514039624820974 
-51.41990379289927 
-66.79300708351006 
-46.51770805972674 
-86.26916848035988 
-57.926568432578044 
-86.62831171758569 
-138.3553420765921 
-62.17736727466687 
-64.96430958646768 
-59.71962881098764 
-112.00320951953996 
-72.63269640207346 
-52.89505800044435 
-72.36321765416672 
141.63460185710804 
-58.57787091814552 
-75.61014754696734 
-76.37097855581166 
-64.9150737172702 
-72.92966486165686 
120.0942363099781 
-89.57462220010228 
-54.4031115503679 
-56.93938708295211 
-97.35750529873472 
-99.19495717733449 
-64.23285297437236 
-90.81487970940675 
-84.58416048948747 
134.13405992223827 
-79.49465316567586 
-35.22855014483799 
-72.8325526380887 
-38.29072192661905 
100.2217949514794 
-62.165146058843895 
-77.54957821209354 
111.64668638869907 
-62.636313108996156 
72.89693416646857 
-90.76311531142687 
-60.38413204630188 
-60.45534217589421 
110.1391768451949 
12.917813913966908 
-68.0422502776543 
-59.11650184471785 
-72.98401151941171 
-74.37785627217481 
164.74959353755767 
-114.87909226642296 
-79.20202767201108 
-75.764658455131 
-79.17251605052338 
108.00328386876495 
-70.43511895305299 
-52.995507076532384 
-54.992741461340735 
-77.95744602316547 
-63.405563632278344 
-68.9567977029692 
-47.66566099049535 
-75.42638325661775 
-87.57254393590961 
-66.26713640384652 
-48.355895841398706 
-33.71675856607261 
-53.5405325151869 
96.54414487872877 
111.13125367056159 
92.21305795551119 
154.50089510382347 
-54.89838670673749 
-64.32786887115236 
-47.46212472394152 
-64.90736089669367 
-64.91450081763466 
-82.11507138969674 
-58.888199888798795 
105.27112021662174 
-56.46978454909544 
-61.395566352331 
-54.05009255177797 
101.0145004981434 
145.03958752542616 
-76.8810056244587 
122.37067703945876 
-68.0762352199241 
-74.33261399401118 
-61.227327932025915 
-56.651656787607635 
-61.044723380133135 
144.07854410388256 
-81.03052508462422 
-61.72302843572034 
-58.91994795918266 
142.3030990605563 
-95.41319524028154 
-52.416843040007095 
-62.7561307495378 
-78.58794244371654 
-53.98281631074392 
-87.29908741267907 
122.49279171495233 
-98.59624090200568 
-70.42394965235255 
-81.68341359836653 
-79.15908109263249 
-91.87658387259933 
-46.206973398172885 
-62.463255056203494 
-103.52872658309137 
-75.54894377628463 
-51.5266294630296 
176.82256467820181 
-83.77749420352848 
-79.88895491463185 
-49.991192668491735 
-56.264763727935204 
132.6132544222939 
-9.587912032764782 
-74.446408368213 
-75.45370869072956 
-65.34577405175864 
-63.93259766471379 
-74.35210498669953 
-75.23835829529642 
-96.81188434777711 
-75.72180622838115 
-79.59110895685761 
-73.35140390427814 
-55.40131841108371 
-76.01514764680348 
-66.22833839713671 
-44.23684534211269 
137.07085826733618 
-96.52549173797249 
-76.2688275500342 
-76.08749748999828 
156.85958806452953 
154.9422646433425 
-82.55836404131696 
-68.78475036107345 
-74.66881673436642 
-68.82599062035328 
-54.07219069657601 
-76.36034506852216 
-75.35162943759974 
-90.18537137896327 
-65.45874204892928 
-78.70866824504797 
-64.68129258642024 
166.8124677324136 
-80.0307475327949 
-78.23594420223665 
-60.5468498817821 
-83.30682426378439 
-79.60696528368747 
-72.38196711021126 
-67.56505439787132 
-115.18620830993753 
-81.35699402551782 
-65.56755285259699 
-31.66844709838448 
-82.16990491634564 
-72.83038130927174 
-58.780368513008625 
-55.533729074768495 
-81.76726937387971 
-91.83234353929417 
-72.93942235200942 
-77.07311774980751 
-80.35103993152843 
80.17656398909658 
-71.9272484338216 
-58.04315212326233 
-60.00089325795202 
-49.109992685382565 
-42.9127645525108 
-79.72139004120295 
-70.31793247476172 
-17.100583058606126 
-28.628224939301216 
-59.02541271209145 
-79.47565276214068 
-69.76612667098539 
-88.29260650064207 
-65.5617073044763 
-86.64969246021845 
-56.507323152068444 
-77.98246715224722 
-79.38448365954494 
-82.10555674860956 
-65.72985578763121 
-50.24311476920071 
-73.37263999225942 
-86.88073902041731 
-112.53378100114656 
143.58605526123551 
155.78538241572926 
-42.8443584172569 
-87.91680191932167 
-80.98806582314117 
-92.03268935689877 
-57.65266187827729 
-73.91733919354955 
-99.39661835713719 
-32.417566477264955 
-72.5325388413963 
-56.72086314997333 
-52.905166280185405 
-78.70402460882788 
100.24140105307137 
130.38431734547456 
130.228063197043 
-68.7692753903675 
115.39532521477226 
94.32799954381217 
-86.56796734080841 
-95.19927472438114 
-66.27511333294903 
119.12230364210679 
-43.8309227286958 
-68.16826501602381 
-55.09965575271081 
-75.79716193086855 
-82.00823884341035 
155.81834190718678 
-56.43224601615894 
-47.59653124439999 
-53.49831289075285 
-50.479301156803416 
-74.3519996534055 
-64.83333613081172 
-68.14255846435236 
-54.99508490056507 
-76.24712843782436 
-74.6891203912725 
-91.19545897834452 
-106.9519973421426 
-77.60534325191078 
-20.93049914676857 
-45.16517969387142 
-80.05488839118067 
124.48577523422753 
-62.271730043955905 
-71.0986702128671 
-73.69335113018177 
-76.96184987802165 
72.91455033131375 
-43.80181440795957 
-60.38507852704875 
151.4892839523871 
-81.24121120473123 
-84.52243081471805 
-47.53648801081932 
-74.40752224083305 
-109.38148428479816 
-63.24674092068961 
-56.846682143953934 
-61.08380185708795 
-30.744802305064 
-87.01694396697573 
-68.05663347677847 
-33.68097008517808 
-67.18287773641734 
-83.55095443112116 
-97.92231539363361 
-46.65507679659835 
-77.95494439376374 
101.22730016457835 
113.60166733052607 
-92.31933116905603 
119.8677623335963 
-72.08592232462856 
105.98250233618923 
-83.61051571825088 
100.19871041947155 
-77.17009530131314 
-66.33456199382715 
-68.45577372379688 
126.91657265565911 
89.34773352955774 
93.52099584835283 
-85.34560216884745 
-72.76451559137732 
73.48297012875794 
123.60710897359672 
-79.82960581414326 
-78.58433915967578 
95.30579911941514 
120.7593028175472 
-18.538145893137 
-69.69073710626822 
-79.26950270941394 
106.6287986071255 
-65.66284455213632 
-37.610759762207586 
-95.83048460834577 
-57.534378265757525 
-60.360565384742905 
-76.9385237356921 
-70.4568019958034 
122.45417769456911 
-77.39320596759637 
-69.70067201220573 
-74.52171640721636 
-67.65665555054699 
-70.70134905248094 
-46.151173028583145 
-164.36940027090213 
-62.08319057666585 
127.3760411937964 
-64.6571521636613 
-57.976486626330356 
-70.64725002737323 
-80.67935742194658 
-52.08947079837585 
-85.05013265947568 
-87.56884217690077 
-49.77670993049845 
-73.68415958722814 
-52.94428689114106 
-68.76602748731317 
-104.82782400093275 
-64.43902061422149 
-76.52988115414169 
-75.4474371080909 
-84.88374976093542 
-86.99173140631007 
-76.74421659331163 
-74.64296502538527 
-77.24109393794933 
-71.24791829861802 
-55.38375992583134 
-70.58377092620506 
-86.30536577807945 
-78.22852661710729 
82.82805065004925 
150.19961668124944 
139.1577845098312 
158.93137932206858 
-33.13005690723392 
-48.5793786891879 
127.92152677571649 
-63.4063682367335 
140.21567367202186 
162.42687631985197 
-70.07912897916108 
-69.46113902808732 
-65.3721714003699 
-66.41560633419414 
-77.64466171460404 
-78.58504510542994 
-90.26716821884287 
-62.12826790675829 
-64.34922211129754 
-43.43164235181245 
-63.40476543447872 
-50.342699222774726 
-71.96257691043051 
-85.23912381891093 
163.74028788877763 
-76.70620962770143 
-50.815027172610506 
-73.0197511851197 
-55.683894132851435 
-78.54128977009327 
-74.24862887974953 
-93.79999659488439 
-75.40780958794433 
83.04934987700808 
103.6208073690782 
-70.97215362668928 
-101.36657564457731 
-68.00008086772759 
-74.08162898828549 
-66.55164716707296 
-79.89060521093705 
-37.09414519024164 
-54.32231512922937 
-109.02121173906424 
79.3020200426582 
-176.027338664056 
-85.88484306131377 
-62.3264157828133 
-77.8433726281869 
-76.52000053400928 
-43.429266580071705 
-83.66826679783566 
-70.26072170029953 
-50.42506950390461 
-75.5563619294834 
-84.19126420315358 
-84.77385109767366 
-46.98822558265127 
-83.17155273342121 
-67.49996874985368 
-67.57856450580294 
-10.196309308261897 
-55.082030699769284 
-58.7621272686708 
-46.74761157084209 
70.77061854141876 
139.11112892266272 
-83.51634628812229 
-81.81770940971242 
113.95130743049897 
-62.6985106343218 
-83.22757239682112 
-54.319702547257364 
-71.18196853546674 
-34.48495004046149 
-33.19455722926629 
-69.6874693095704 
-48.26356836172435 
-76.82669911149885 
-43.712968204415475 
-58.72471505935053 
139.3310375873378 
133.59141247606073 
-92.59201640677641 
98.59082312990449 
-80.33152195689227 
92.6387812744711 
93.55133701932535 
45.71646801045476 
-38.535855725409185 
-58.10304512963992 
-84.59488199498199 
-90.45758954226255 
144.48876180613598 
-77.43288828950311 
-94.01428590421828 
-72.39392341422952 
-67.08187599786055 
-73.8595378690616 
-60.20616156970912 
-69.99053898117937 
-76.80999094141723 
-36.63190134038457 
-80.3712995240722 
-77.32327157858859 
171.21088601632403 
-77.06455872173824 
-46.907605110076034 
-102.96421275230199 
-68.94548658313995 
-83.00902003717943 
142.99952067429777 
-99.41526456325931 
-57.822342177518046 
143.39262951190076 
119.64466073612402 
-173.71656455694134 
118.46216679203623 
-24.736715191594268 
-55.48122114757781 
-113.68427942413986 
97.67149087390827 
69.77672850109552 
118.00393343843032 
-53.32771388130332 
137.15563391033996 
106.74345732069055 
122.57956646395724 
-53.26688880387996 
142.88473218029915 
139.2132862622462 
74.35780543764088 
118.50342187219417 
-67.43356655853849 
60.397357085157076 
-59.378655021886395 
115.64751671863512 
146.75737981996983 
92.2863188972626 
64.38953851846877 
137.46142447141074 
-47.49693494997434 
-111.78375077069197 
-69.5688865325595 
138.6008110856261 
165.59778873134186 
-75.86632335644957 
-75.31128339632497 
-81.12907798296344 
-110.5860953864488 
-69.13786269570389 
-46.39243082852021 
-77.6372383397977 
-57.747392513375736 
-67.14968443992244 
-77.27571717418799 
-38.940038566715565 
-66.67207712353772 
148.89593156928734 
-64.63843903883442 
128.89260862622382 
-56.864783495955 
-64.84538782706612 
-65.86781888055044 
121.24143185435081 
-62.84633478460931 
158.14012356186555 
-53.25626670210867 
-25.47823001082603 
-43.68114295761452 
-54.04187572491803 
-82.11792866497674 
-70.61871737361194 
-68.01978779119825 
-91.20166348046925 
-56.80561096452742 
-71.83474629231415 
-49.479716237916634 
-77.7179999745328 
146.6038392459196 
-44.97321560833379 
-74.10110211358342 
-49.18712976078728 
-73.85097467393048 
-64.8609382439004 
-68.8514706524572 
-35.431839826219324 
-70.37945198604625 
-56.744533786896426 
-48.600151637507814 
77.22899845788604 
-74.50714876096485 
-58.4900393232792 
-61.4066188801338 
91.52429453649766 
92.30809608159639 
-72.6883297893185 
-43.484384218420544 
-58.857240332512305 
-80.88625884322232 
-67.23318603615009 
-56.49471133679265 
-64.67626835975209 
-47.18508423767641 
-62.28997029683309 
-54.027532445456046 
-71.58381471839382 
173.1305828071608 
-48.67595204885328 
-69.14455275139368 
-65.27502891678698 
-61.46893376888047 
10.661793421744562 
171.7594130136263 
-42.23917536240275 
-71.72197858074443 
-84.71586268397319 
-77.7888984646077 
-56.34347048601407 
-44.03370774825453 
-72.6660308672092 
-89.04951599371293 
-103.15352768961286 
-87.86059995702816 
-71.19799202179155 
-53.86488322013997 
-81.56066613263086 
-81.89462884310697 
-72.34784764826861 
-58.491557453627834 
-79.6326191038429 
-55.151203050547345 
-71.24051177423007 
-52.0892273606949 
-92.95368592020588 
-71.50520290419865 
159.66972370178922 
125.07017266218637 
78.60735819782398 
-60.66027907951326 
105.48939939321181 
91.87072983025116 
54.84436000102149 
-64.03667868157957 
-47.68793586630678 
-53.40065183971817 
-70.92766921304242 
-61.92534823149253 
-84.50214280659397 
-65.97777507830797 
156.93699691470687 
-70.23555921263173 
92.65017243805633 
-113.93929538399357 
-59.31856361081727 
-83.49434597648269 
-57.17726102278779 
-59.63287127495422 
-66.49025718422091 
-76.30033167191667 
-41.4886079671597 
-47.73905182916918 
-65.98655623159286 
-65.08152952323809 
-47.96353496846607 
128.9603232779492 
-75.76201265416633 
-37.166335883430776 
-56.37817619927439 
-65.37093175300939 
-43.04113917607472 
-72.97557962022199 
-81.58099188375131 
-77.80965067062975 
-72.00746573315715 
-72.7895306762034 
-68.24254601307283 
113.94506776537105 
-71.13616264644394 
129.04120330424396 
-77.17240659701248 
-78.86964956497678 
89.25403942567473 
-77.18339294883144 
69.95388248399351 
-79.53079429590633 
-93.23790984522643 
-67.2138751991968 
-65.01791536484058 
-121.02465645331586 
-74.94687887382499 
-70.27073469599993 
-86.40047866537178 
-69.63829412779415 
-81.29535686071759 
-76.6246626750821 
-33.74289996819141 
-59.50943815964116 
-63.6425112608435 
-36.438867403484316 
-53.63119542080098 
-83.77327587504773 
-80.82200984462763 
-82.82604046234087 
-66.5762952446176 
-80.24739060140006 
75.82204603511458 
-57.159687400117186 
-112.04653458013162 
-78.33856547696266 
-81.81653184881907 
-66.9284414557451 
-76.13888222980427 
-16.82711285492469 
150.3168389404361 
-55.26300592680085 
-54.71057364818727 
-63.794109429163406 
-45.11128956046768 
-94.32617648917669 
-72.77225373100748 
81.07592984036859 
-39.90415843308879 
-83.81112879652748 
-47.565478829394195 
-67.4965360731839 
-39.95012711678419 
-77.82165674234541 
-91.26492987672987 
-59.55300368177588 
-67.05788718875382 
145.190197104044 
-67.94391169104223 
-86.57571849632518 
-46.27825177745767 
-69.81361085884706 
-101.04090985746448 
-70.2822334628053 
-76.79493682636718 
-94.51834184656735 
-69.51075660249286 
-58.08467021150595 
-37.11511069081415 
-59.23524083758883 
-51.77630103063986 
-61.73886258184027 
-91.29709087475804 
-66.22057366313176 
-77.71705401209236 
-83.80704896193552 
-105.43113528920586 
-49.68789975160004 
-65.44225492671039 
-95.36895775178249 
-85.00851646989858 
-77.07005241478171 
-74.96780117640355 
-72.1256986175712 
-85.02530050846185 
-73.34863599146482 
-101.04240525836171 
-68.70903211615092 
-56.36427125900135 
-79.54463162380571 
-67.1510200921793 
-63.768249181700014 
-88.23186591594255 
-68.06864273165911 
-87.15933502899223 
-83.42267767841798 
-51.27783925292388 
-65.10013823217668 
-88.0434321140874 
-57.718545217176 
-68.39169493405484 
-84.46727457197878 
-57.78280612532968 
-68.9010688687427 
-86.53613992275918 
147.3586197977099 
-74.50738926346291 
-83.57218054239277 
-53.39308793713828 
-70.43497949836286 
-47.99423227558591 
-70.82520208799305 
-60.097527895513814 
-97.56092164355718 
79.35296866990473 
-88.2232805123166 
-72.48252014357362 
-43.53745685807018 
-67.77642463374805 
-70.33148473106492 
-56.72622877884874 
-86.23340047926678 
-62.49011375998032 
-70.4469183581949 
-17.839181190887402 
-56.01049024811521 
-69.19101909606752 
-88.30102279105297 
-55.17513490129253 
-101.63438065417452 
-25.656930539807504 
-81.20916002607301 
-47.47626599599425 
-92.16667674038219 
-44.68680903084967 
-70.17719182936644 
-82.71107379236213 
-51.91170768888127 
-35.860651434918125 
-40.28790196152899 
-63.384858335698425 
-107.91970264697505 
-3.684882334862411 
152.66161323415753 
-78.12961075388661 
-59.98785679569764 
-29.376955326289607 
-78.23050416668318 
-44.507242433873124 
-77.14095058236497 
-79.72628105770244 
-73.66137883485538 
-88.04899647756518 
-74.50655850103733 
-45.66327224529647 
-49.551966282211005 
-72.28954097012416 
-87.89628375831552 
-59.8490855945412 
-67.14488069810322 
161.15229456414067 
-70.23691415092097 
-68.0496943373225 
-39.123669502803665 
-46.62208377418801 
-72.86319807870272 
-90.43681427360902 
-39.21124346612837 
-42.656807419716145 
-69.80850500398628 
-50.91923498239072 
-89.13295592552407 
-24.835313738338726 
-54.779977021679215 
-42.960018664880096 
-49.261105259725426 
-76.68764989463487 
-72.04551307250621 
-72.73587798975986 
-76.3201630650522 
-66.85906964643792 
-75.3959898573981 
-45.254181096702226 
135.65818791506473 
-71.46833788251345 
-70.90524952761469 
-43.16327423364975 
-37.80585104028128 
-63.5003011223957 
-64.62312975039276 
-79.63833585937333 
-55.18695325820541 
-64.67062260168687 
-54.39685533321473 
-72.80488245738452 
-75.21528021195952 
-58.73773151439828 
-62.00422105786908 
-67.850989136973 
-78.6045870154452 
-76.36257437997854 
-81.13491452381834 
-43.7185267821366 
-79.90252297429538 
-82.28453668334973 
22.964133757818516 
-50.475444786844896 
147.9210367551803 
172.93491241860778 
-73.86920958472412 
-69.02609495976768 
143.67207875385444 
-77.39050986445166 
150.39480052826704 
-47.134736761396695 
-94.308639319337 
-85.0587663838273 
146.76173804403285 
119.52663054216211 
-62.19954593273778 
-67.61328688679258 
163.09080191720386 
-73.4155624045908 
-37.74107970247975 
101.28292914857559 
-56.14921592945556 
-67.0521436399863 
-83.05977282240907 
-96.29080396912798 
-45.74076432780856 
-80.24010609051125 
89.80311359114312 
-52.76796254877905 
-110.15279420905543 
-57.77454387571311 
126.86247127484305 
-66.72297549445854 
-60.06235875814567 
-65.92074138988976 
-71.8995784201003 
-56.4179379281927 
-96.38484268960121 
124.43638390904565 
-55.336865345270205 
-30.293115434952565 
-73.66360400051448 
-77.70920202374839 
146.95635581685164 
-71.47076250317488 
-74.44752355863803 
-90.13554164575494 
-62.9813010505829 
-51.12743487233478 
-49.85167854844544 
-69.75213902486617 
-112.90197145588012 
-70.15361071932877 
-97.67769621749572 
83.02027349828423 
98.64743801500343 
103.48207062734927 
156.056539810366 
-71.99241331741014 
-12.921956306805805 
-67.45391923985244 
-79.2147062719033 
-65.31235290249323 
-80.3657000811376 
105.60064996919843 
-28.579278513694327 
128.87528213474272 
-99.9936601088906 
-76.70223568126947 
-97.39608633691354 
-71.61538566810292 
163.6038050464272 
-51.75535783188537 
139.96473900540653 
45.485329584143436 
-82.13300017375826 
-93.71475022156042 
-50.996495481897895 
-26.82321674063365 
-89.0247621007731 
-67.40731658169082 
-78.50264245007382 
-68.41252304875516 
-31.549854637270624 
-60.000143843117556 
-77.29417869383171 
-57.85669540240543 
113.62096603108253 
157.7827927923277 
92.7864929982851 
101.40152252382698 
-60.462760846284425 
-50.60318049364496 
-43.01111185150766 
-83.59809827455706 
-68.6744049132659 
-31.526287573238466 
153.976631664696 
102.81879996600011 
-54.15436850870867 
-72.88350855594165 
-31.303440277603464 
-95.83515905369352 
-82.84917500827082 
-71.3063504728348 
73.52552630495725 
-53.73442344881293 
-85.70845047505519 
125.6052212207586 
-70.80373102857472 
116.0733983210679 
-90.69491484921335 
-94.92129829610967 
125.92768736513304 
-86.45986074133387 
-36.608511420211975 
-58.055340585511196 
107.110311653956 
-74.38805793889057 
-50.94378957106618 
137.659474009079 
77.97552864739713 
-136.91388492700847 
144.64155246898724 
144.43423907769895 
179.389281505721 
-81.04408282293416 
-50.2879048992308 
-54.89792655998316 
86.21791511439994 
-114.32972317023764 
-26.576723498726185 
-97.2375221788673 
112.23211691243988 
-54.573047324778216 
-84.63416141138622 
147.982893283058 
137.2049712982422 
54.346888378008146 
-106.29970810375129 
149.61532541200168 
-89.73235445050187 
-12.413617288138642 
85.56046376386725 
-70.82157477276739 
-69.7939882781848 
-76.01019902088034 
141.02694166405172 
-66.42119297809947 
-70.11561709711447 
-58.24081766066473 
-52.50228917581494 
-64.50227666913942 
111.34339342383535 
-52.11783991382116 
-94.46119383733696 
-28.501559706612248 
-53.496754440833776 
144.6480534079587 
-76.92346863170206 
118.97340509792375 
-62.19058822124181 
-53.361963095009855 
-40.201214770664116 
-61.11031247106737 
-43.274925236872484 
169.1978552067404 
13.434260522030236 
-40.05303985363305 
153.68839823709263 
141.04468740796275 
172.87452360994126 
-54.3760992329076 
-80.80345691332269 
93.22549504179474 
159.23198704830378 
-41.8978102077831 
-44.43534810622677 
-64.15767944010186 
162.54058713521405 
-68.61567025624099 
-3.676309737097018 
119.90699883943688 
-58.19640104864931 
-34.22216453449925 
-27.86337794060999 
143.58706478986136 
83.12672940135238 
-86.01992540333008 
-51.8081625568767 
-56.51048218007261 
-70.47683933350385 
-21.448265974588317 
-44.77113809348807 
-82.81956476782999 
-46.76603966894766 
123.86630757509147 
-74.28701681091799 
109.32063791534603 
-63.49128492558097 
-82.48370792812098 
-79.0650036411208 
-72.65235269318458 
-77.89628536778045 
-78.49370277931371 
-79.61985703277134 
-72.07427842991389 
-60.38283779193844 
-69.35844724388504 
-49.85953603283972 
-71.77284558177209 
-93.64068385758328 
-59.613401125734015 
-68.81989886276209 
-53.321229292060856 
-69.62274799504452 
-98.7670458216364 
-76.37295150261761 
-65.6958897270943 
-72.59729799091994 
-90.3535821458008 
-48.58980601899717 
-67.8915221415805 
-58.31391207612454 
-68.12077793707263 
-97.9935181617686 
-74.80227101652214 
-38.53139064983123 
-77.95637865239775 
-67.85855984392234 
4.662455956006217 
-101.2128998965548 
-86.33326969145318 
-65.6137568088757 
76.4146218646064 
-72.39854124633436 
-87.69776244140128 
-60.528953875562514 
-66.06991923963808 
-73.8112078087658 
-70.20152132695942 
-51.12208349422035 
-79.41058619064012 
-62.17508238220162 
-73.48133099394177 
-76.02737632734235 
-61.850744962322516 
-100.16093542821035 
-64.12812931313266 
-55.13729857763789 
-86.2381391373335 
-99.34599847065654 
-77.53614490024884 
-73.10582279997378 
-74.72083605298059 
-52.181386282382 
-56.449434521990746 
-90.71937139885556 
-73.6964335476074 
-74.5974062151831 
-53.62075137249669 
-75.22852915142772 
-58.70809956492528 
-58.72638196056842 
-71.08047841012788 
-80.95026772028453 
-75.15005588980311 
171.9972820932485 
-54.920703141525685 
-55.120171060264774 
-98.43810511765938 
-88.05082016565457 
-88.86018125585856 
-62.33048943867373 
-62.23408736631405 
146.22931198112911 
-45.105341354558426 
-93.99105819316752 
-75.25808491960112 
-91.84671839800895 
141.6213881493559 
-67.7459231846231 
-65.12199691442879 
-72.49610829772074 
-70.740394414688 
-75.28312760702765 
-89.74295874589865 
-75.89732293998104 
-46.5701481472633 
-52.39601202302792 
-67.36241149529991 
-77.76950365288486 
-74.79083473508052 
-79.97050157288297 
110.37689430431385 
149.2136987497788 
50.84131537853709 
-69.81199129303435 
-62.29720189979797 
-42.62457386917546 
-101.7825051296483 
-61.22278808507418 
-53.037644633774875 
-41.1755488622638 
-57.07813548717962 
-84.94995146011735 
-101.38558682472097 
-63.17093724844865 
96.57188410627403 
-62.947271787930596 
-57.236452275270686 
-65.99864825321326 
-69.94555988163017 
-73.43345669109047 
-50.006695397603345 
106.72091946568949 
90.27192716438013 
-83.4120558546547 
-80.31617856501356 
91.45808238184978 
-80.6741729717889 
96.30740209768102 
-87.61272701087049 
-70.8747635145841 
82.71930065867174 
-78.68942016195214 
-79.3181602844523 
109.87044737808228 
-60.83006618110459 
-75.18863281952532 
-45.73024037139748 
-73.24402159056133 
-76.31343879127948 
-36.73169167661958 
-44.310507472528485 
-78.73891869098554 
-90.79069710048292 
-40.224951838492146 
-53.860392480230615 
-54.13472627648038 
-18.188361133081738 
-63.40812521134254 
-46.340562142627434 
-82.99768082326983 
122.36558758621139 
-61.43353865897339 
-69.42886818994731 
-24.87468719692593 
-96.84007839776879 
-46.28221190606849 
-32.407430578745604 
-72.20387541373984 
-109.88712968767399 
-114.17204240054082 
-82.16952742987911 
-72.13912087383264 
165.01802357335703 
-94.1166310124449 
-77.20654821338543 
53.74270047836366 
-70.70033876270782 
-69.42570666441756 
-68.01882966330741 
-67.32800614697477 
-65.13362899728652 
120.41290040780267 
-51.637049266824384 
128.03753776986684 
-81.86990038561079 
104.32510242853787 
-59.40149897853209 
-62.502535326035826 
-63.57907863021544 
-84.82299106412373 
-54.240266026687486 
-67.9826535939822 
-47.25948028359922 
-69.26524010815812 
-67.33891684289485 
-64.64053745375799 
-66.22000026317116 
-67.52563710892461 
-32.95019568053305 
-41.360386339835486 
-41.738638619647624 
-73.67060833202555 
-41.853693973940885 
-87.36560868177955 
78.48385967906681 
141.46079523316288 
-68.05519003086833 
-77.82249993145128 
-70.73701128599741 
-44.20367902018964 
-55.02032970256643 
-79.1124779469328 
-39.833929589344216 
-87.27396002826025 
-75.33027566517816 
-58.056490667813996 
-43.2268966372102 
145.76478035831124 
-44.51547500371898 
-58.82483104859198 
-60.386124441602995 
-97.89239179167315 
-135.38025403705842 
-89.15576517934828 
-68.11447576053332 
-41.12118382791548 
-69.10985394538523 
153.89348404621938 
-61.17611844220262 
-25.50655486720379 
-76.57779562175962 
-74.90107410185522 
126.32035432809585 
-93.78740424483891 
-106.4075652790008 
109.49683610748994 
126.48334268900143 
-71.6360832996477 
-62.93175746130946 
96.91330794638031 
-72.69856989841603 
133.39026196903052 
-76.78721715346377 
-82.2414000457014 
130.93543703836735 
104.47786236570758 
112.7303172848629 
132.10034794508135 
137.67620677903383 
-65.54878650822545 
-74.65040691412979 
147.91644761760705 
77.14006857612537 
89.02896533800022 
82.53244556266719 
140.9299008150489 
157.9278333608095 
-70.83152818457576 
-87.19819815377359 
121.56715376245756 
129.8422992072764 
-72.9863549708803 
72.80003975112572 
-63.700072106044615 
-179.13559784762677 
79.13465496500729 
151.2482247116877 
115.66971118325914 
136.93644850536958 
-60.183763102670895 
143.57961859341756 
-52.92045441069588 
-51.735636286797046 
-56.60142889006907 
-28.612731582923303 
-70.5819787049715 
96.27952770077331 
86.54794328250725 
133.95078377869234 
128.7922163384875 
132.5755580704786 
145.97114112652864 
-110.23319073086178 
-40.6061283874492 
-54.60946696542973 
-60.16688081315031 
-42.972436553646226 
-52.412963257475376 
-66.36232052560958 
-71.39550331650076 
-89.67252922195449 
-63.54142230212438 
164.55484491979112 
-66.57138114207682 
-71.02889372408355 
-81.46259789699364 
-77.73457061160757 
-70.10110683915846 
-76.36275458671321 
-61.128368977080584 
-90.76797073006185 
-51.667073483912084 
-58.17293296808927 
-81.28412612776566 
-70.57292980588493 
-67.54359647605776 
-20.570149726106308 
-83.63228606189935 
-48.24759774681764 
-61.33593349533758 
-55.41203171228245 
-53.09108489733828 
-70.12434401569307 
-67.8684834021385 
-64.05922700571507 
-66.58815158182489 
-94.06102890789641 
-74.95892067725887 
-55.02950471108071 
144.6744779915674 
-89.53087194830243 
131.7101069106939 
-66.29557314492394 
-54.47624517372079 
-44.599560690281265 
104.3306968158004 
-103.44828914964293 
-87.10426331095 
-90.5332872841215 
-77.31303220668295 
127.87164036100395 
-82.23714394301356 
121.33863590579674 
-86.05626958105292 
-63.85288168152785 
-74.58854229155882 
-75.6579089640885 
-69.63784758633301 
103.36244651060095 
-40.15106499186551 
-41.210759076424765 
150.53044801605452 
-65.75022614982706 
-31.30983790398456 
-64.71736421844784 
-65.36266702605919 
102.28680268939796 
107.7044865543631 
103.66086808086429 
138.69153502808135 
-94.08746038990722 
-72.17086016046306 
127.14999295776244 
-93.53127737063859 
-4.445759542946831 
-59.65493012232248 
156.2731491322446 
-56.77881299271725 
93.34744970146293 
-5.897371583221706 
-86.85476551335255 
-71.94930133923158 
-46.38843796952785 
-65.2961520952481 
-40.003648961374985 
-76.24868301562675 
-76.23414335376233 
-68.02805764276827 
-68.06825011677765 
-83.99640964494425 
-64.63565039735576 
-87.84447327150578 
-68.40897323273448 
-54.7392653285227 
-85.10602904897482 
-81.67909811882996 
-58.174145818031676 
-60.25022767558177 
-70.77144353590269 
-68.18469838844746 
-65.68631424674436 
-66.55029119940171 
146.50870889518603 
-89.02804594857156 
-28.97291124293756 
101.48670227717263 
-49.688213688487494 
-61.92746120408522 
-55.02390555642007 
-82.06082988090687 
120.86763978385211 
-62.061522690011145 
-56.40279578311935 
-57.356119545828925 
-74.67886800477875 
-79.08285621782493 
-59.07642980002173 
-62.53947157115887 
-59.337427397776885 
-104.18755486504864 
146.47555457438096 
-64.2415716852606 
100.07961942215479 
-52.84745202384595 
-107.83266202084451 
-80.22444539041786 
36.576884502299116 
-58.104686578666396 
-55.296368198954085 
-33.28308576076068 
-94.26819134567607 
-63.984576092728325 
-61.857905948783795 
118.02708529722926 
-83.33014239500669 
89.76773114761386 
81.71124035353587 
61.37169704680643 
-81.50122065901284 
-86.07030389502741 
109.45031676902846 
-79.76113406140418 
-88.27820384375823 
-56.58084971606147 
-66.62518204289613 
-56.51457668369282 
-52.14188802254824 
-42.188028549690024 
-123.24966142016005 
-37.736777750652735 
63.86353927979814 
-78.7104165896426 
130.7686519901758 
105.08270208503197 
-72.56515149795331 
-60.54211924348124 
-52.66502074169473 
-64.57347384279666 
-77.08175098398789 
-33.8565096923859 
-84.6649682602726 
-69.70925697263246 
-75.4852362158474 
-33.11060587630268 
-74.87757867060922 
-57.04628890313721 
-98.68973224435032 
-45.522943656326106 
99.58626429677352 
-70.69327810545681 
-76.85363791092762 
-52.557445427400744 
-71.33416822906952 
-89.38694682909606 
-63.230437763522474 
114.71471293368286 
-72.86414148039187 
-61.81208917905837 
-39.628871164483826 
87.47111859025038 
167.09772004525516 
137.27997894259852 
-22.612345816618593 
-52.55171843285043 
-62.116975209542325 
-57.96414772602996 
170.0909698966019 
179.00593601834692 
97.15290658115279 
133.1053883003839 
-81.0816119389418 
113.5759838866877 
-48.74011420527818 
-53.73766569334252 
-50.8003198787199 
-45.70004669370345 
-64.56331799734429 
-61.18308328616019 
-31.865412005513754 
-43.81454309485589 
-64.9633622060546 
-73.50317423120718 
142.0829194495715 
-71.67719913981544 
-65.39243204919126 
138.34066472997623 
-117.32429541606214 
-60.12701563716178 
-34.22064477155825 
-78.38252634736453 
137.160095291107 
-65.81825987758332 
-49.09119200467301 
-68.97764248129512 
-106.68168950716023 
-52.5580823287344 
96.43097764648148 
-68.21413375903546 
-84.67240608971315 
-74.15032386881664 
-58.923024840796735 
-36.44410163008232 
-55.33919244320499 
-81.53882458865483 
130.89175414099938 
-40.84781065449036 
154.01393257062423 
-65.76090445493249 
-80.50806264201194 
-48.14238496139242 
-75.11488764854543 
-66.73872584295269 
-67.68676966956708 
-78.90364714828995 
-60.069347786043494 
-86.10125366595224 
151.5691843019064 
-47.25332494444695 
-55.82513547066877 
-82.24035990174244 
-59.74566554443113 
-100.04029951327813 
147.3075895969268 
-102.3921680507984 
-84.88813710072392 
-71.00427248695802 
-66.241045130187 
-68.61273009164448 
-71.9241921538009 
-73.09406181541257 
-47.387652533689796 
-15.057656088344583 
-62.49305842472646 
-92.72686185742181 
-95.5536765423189 
-62.186248005019756 
-42.618767797129685 
-102.67637208340389 
-55.02696411567888 
-69.5448534731272 
-77.21081863442959 
-81.80163796572812 
-58.605462498799916 
147.39449671985892 
144.4968749457311 
-26.287295680111157 
8.66730132281824 
140.85391181919266 
-58.71975531392076 
-63.95320365013708 
-160.24839659533401 
-60.59283164116679 
146.46503495947502 
-46.820429978454975 
-65.11862291069617 
-44.1130303851364 
-49.58446524196329 
-36.49932298004817 
-61.09340496355655 
-64.2029255692843 
99.64664348785803 
-65.8404096156909 
-80.06001674641861 
-37.15313009071212 
-79.84889128119657 
111.9582612057381 
-66.81139819081648 
61.214026639378716 
-83.5723344717394 
-81.18444581649398 
-121.43933434517653 
-76.78276816049609 
140.5310028335503 
147.04070909477588 
-93.08523996982069 
-77.46039509632723 
-72.94797655437819 
-76.01053481436227 
-62.73032483775426 
-63.567774735273254 
-87.1774547066676 
-69.85349258171068 
-73.21340430412408 
-58.97672935380612 
-67.65966605750134 
-65.52707913023355 
166.09250814618358 
-91.76011566327439 
-59.20623372261986 
161.46008264740186 
-34.88246247833398 
-85.45658654667233 
156.0166622450487 
166.71437598459818 
-56.210720266662086 
78.86337678787889 
-58.3194836622305 
-43.75384144895609 
-85.64361837406128 
-60.16968223893485 
-57.52474162320402 
-82.682538619452 
-57.40659034508983 
-65.0465085159 
-57.270710232521076 
-68.22249731773901 
-61.99628067609215 
-79.2520392710231 
-70.53733446589126 
5.942036670880506 
-72.62056047280667 
150.01655081894685 
-37.49910764726356 
-61.20821153539112 
-84.49345483964197 
-65.12793195703512 
-64.19830391796071 
-47.37996153815343 
-56.73639058124233 
-79.7410346586914 
-50.43734984604678 
-91.04376117110968 
-60.807639031361184 
-75.91036004893925 
133.18306524405412 
-57.38057797191352 
-24.120886951000845 
-40.557387341402 
-54.30839689550941 
-79.9016862386821 
-87.36645196152931 
-78.74405400367978 
-84.96836469784796 
174.4872654209167 
-91.8921846463473 
-64.51661087760979 
-49.42242904987038 
-58.116002812887864 
-66.09555331364675 
-51.613676704667725 
-71.97137205868967 
-70.28004950782172 
-68.95441567478301 
96.33062378453475 
-73.33989451580078 
-76.78749035964148 
-58.388657929138745 
147.023986989853 
-55.141601547971135 
-66.03159402036748 
-73.23454622082542 
-43.61057477477725 
-176.72083742183983 
95.02505616127041 
92.63539199023997 
-40.22221247404815 
-82.72461175656159 
-77.93398674439487 
-91.5054697724373 
-79.55766152924235 
118.82152628687467 
-57.408174802954434 
-74.92356893151457 
-67.6615174405914 
-46.72266092186332 
-83.39491291409847 
-67.03496253612221 
-56.81698010940715 
-68.41602620676531 
-69.93653544292356 
168.70798424128458 
-99.00350910487089 
-69.85314137949536 
-65.66259512346512 
-44.49502302008972 
-69.94551335360266 
-69.2213044624387 
-76.26821999104594 
-96.38012946708118 
-75.17443670413891 
-11.342851854227673 
-30.110158575239343 
-67.5285303597859 
-63.07000651016566 
101.04910890936414 
-64.59785045846138 
-85.25626238461341 
-70.34500163648637 
-34.08766958665939 
-59.818808162896154 
-65.11760519417044 
-76.16909077469461 
-43.32917370082381 
-77.31615183584034 
-65.45554527387193 
-57.07042032348822 
-50.24906788564354 
-44.64555172970561 
150.0549590225443 
-66.97743810920223 
-52.35458838293919 
-53.24496572612566 
-76.4935011070685 
147.69247157768814 
-175.2931431322316 
-64.31024144123126 
-39.407539232076346 
-41.98933312941868 
126.11996134168494 
-78.74326714563175 
73.54098987070743 
107.49263060090351 
-67.38312166755968 
-62.91232730730351 
-169.55275633279277 
-45.8858138266932 
-73.3818581026707 
-69.97225668744753 
-67.09919746234586 
-77.16295911975425 
-59.59296045875412 
-72.49788690607721 
-67.83952373733115 
-85.82626709391397 
-50.73894106106146 
-40.58688396420511 
-63.98692376712504 
-58.72288340661276 
-55.78558146372845 
-70.47193577467499 
-54.719612359521406 
-43.77106819550435 
-75.08037517765031 
-84.31163859026363 
-48.21594962944194 
-98.34417351845553 
-67.86004745935031 
-113.74370544546177 
-76.16163602207378 
-110.39783219878262 
-79.53078361941694 
-61.649058095291245 
-79.31638049838733 
-85.1480721447478 
-58.81431781170882 
-68.37907954157427 
-79.69011476544033 
-59.580790555155616 
-40.46043513809838 
-78.2170496086094 
-30.409600342925753 
-62.04535905095311 
-103.77329764411935 
-73.38659479033993 
-73.62047573402134 
-112.54732211595075 
-76.12029580312222 
-92.10539687504738 
-82.65562917351663 
-61.07938177809602 
-58.89159266695366 
-79.732202342185 
-49.28147999911974 
-56.38258522646121 
-89.0909299630402 
-83.2144065098355 
-65.16647208595855 
-73.51296571445899 
-59.32389806136788 
-65.75940676665962 
-66.6351452864493 
-82.9742181225846 
-66.20391903643947 
-80.64577370780458 
-62.92140168663257 
-76.20021287707357 
-80.64532956403892 
-69.88645025531196 
-60.30594144133652 
-91.2479005210176 
-38.343228912347755 
-49.56068255026992 
-92.88330422360238 
-67.51811209671646 
-71.24912271668853 
-84.91549745217159 
-65.78540277697783 
-60.90705140952414 
-84.37880118471742 
-96.84207402873021 
-72.53524324881892 
-63.818872246807246 
-87.4508100010886 
-66.97414203503112 
-74.39208020112163 
-96.46593285779302 
-78.20267859702602 
155.34642972384825 
-43.653272097784665 
159.02378069667893 
-95.00156686190418 
-70.89289612748168 
-69.56258767699512 
-22.961248055858352 
-67.33161188802674 
135.3385231900729 
-55.38867966921563 
-87.1193961046265 
-10.95844074807189 
-80.16825448927587 
-64.32099676997838 
-80.76156967615775 
-75.99877672383487 
-74.9999144410004 
-51.08985759822379 
-66.52274786500797 
-66.40418030285119 
-89.03182652761284 
-77.14634575755858 
-80.95451879751005 
-42.34118877153306 
-69.8662771342775 
-61.466743149722475 
-124.55296646642176 
-49.073202332514605 
-69.65041445474945 
-81.91432597548443 
-78.31217860044319 
-118.97133609672336 
-76.36352711839412 
-70.60372288286054 
-65.02155003406884 
-45.553490098988505 
-44.371556623345576 
-54.722002379878425 
-39.59590155780421 
-78.86824069394207 
-48.705281648471555 
-76.74208564441999 
-94.94373211014634 
149.52884646680332 
-60.53395853296143 
-52.466700589303386 
-64.31974918222265 
-56.25464656078611 
-81.41484988950077 
-61.24154426847069 
159.39927867253772 
-66.12764131280706 
-70.93007407181585 
-71.35844981565745 
178.94854575392606 
-51.01413049471573 
-73.87006571157154 
-42.32580945957792 
121.60726736277081 
-87.19333241070629 
-85.90840866915626 
-74.57392701443904 
-77.06871365774234 
-70.55338436409005 
-77.33195886903493 
-75.51606834372826 
-72.88311958404103 
-47.57444867034065 
-79.47958780145589 
142.99197501284212 
-84.85340346371738 
-77.50549646346012 
155.82396240161168 
-54.57583706283002 
-80.16436932640264 
-63.555684249896586 
-47.88911178885983 
141.9886282472286 
-74.50097878482336 
-32.66657087731746 
-88.18805821985505 
-58.20940648755393 
-78.61339749395417 
-91.59084176407536 
-31.445106340438738 
-82.94436063478338 
-67.94458457904268 
-68.91695104715255 
-48.6459104620633 
-59.078082124901336 
-72.15858648859336 
-71.93958180089096 
-71.78804534671494 
-80.82989018758234 
-61.1594924280368 
-36.579417003338506 
-67.01726242380678 
-37.147436229715005 
-29.952803960825133 
-74.63343232142975 
-88.59193294762152 
-53.282507630118424 
-83.67635048307973 
-82.84769516005889 
-67.87561700378002 
-74.61676995873283 
-51.887939629127295 
-85.56548250532393 
-51.11181661627824 
-93.82928456766302 
-164.14081412873128 
-80.56255117980943 
-53.997118420282604 
-30.009557875896554 
-58.281958303129144 
-74.79352893189275 
107.9075761652865 
-90.93432855676788 
-16.208446288529064 
-36.20526864664564 
176.278291691537 
-85.41174353455717 
-66.21893780518317 
-73.25407985692739 
-65.10711239173581 
-63.39048198641072 
-71.9157754411728 
-48.907311455685004 
-76.22151859119052 
-60.03210259418063 
-33.76675439546292 
-70.25700240949145 
-63.207676077662676 
-92.8744086144421 
-80.76008823260419 
-43.438790389354125 
-116.46906850800428 
-57.38029017533882 
-68.00838651294303 
-86.26920240934531 
-87.68797573045886 
-63.62743455684183 
166.35693572124174 
-53.99598908454801 
-9.873124602770192 
-73.28298835181023 
-26.865976688322707 
-104.03820856857524 
-75.34520509961364 
-71.43971425402356 
-69.62019343859725 
62.23546774637116 
120.7194682074684 
-72.33224310520443 
-27.427659407973103 
-66.55089052972455 
-85.21878052832274 
153.02920577313546 
87.40071706302217 
-63.05400240599233 
-60.60586377525887 
111.83643266543808 
-79.38981855973817 
-60.06000116066499 
-62.40321143374025 
-63.523308065263066 
-63.288522064931826 
79.42300692142153 
-65.10569597632076 
-50.39456175109519 
-81.81068053212283 
78.28493655786833 
-50.011930423603566 
75.87408088251986 
44.114008853504586 
-56.75087824965774 
-47.05374155944301 
-50.822523716654146 
-79.10494583596122 
-55.09966722162854 
-41.187867597096506 
-53.052266029235476 
134.45107442523638 
-64.92144183569496 
-71.55242980243935 
156.69856983935833 
-59.9379400221305 
-77.98387431649165 
-85.00878992644616 
-62.990772791153255 
-73.78922376200272 
-45.26413148101139 
-97.29766840321182 
-74.69043333789463 
-85.87651743204363 
-85.78374612690467 
-25.1910067117962 
-16.020402437739445 
-73.78473486161229 
106.5366529608294 
-62.5120175589509 
91.79279979691164 
141.06032101740294 
114.7691176767781 
-93.85038504108968 
-87.00627707246868 
-57.24868101838111 
-89.71329516292175 
-75.17807948901236 
-82.23510598205888 
-66.41575078494729 
-62.84730394068801 
-92.73289104459121 
-81.30909960884053 
-63.89777368584704 
78.52281047451778 
77.52336424362421 
-75.03806650212726 
-83.35456353891759 
-73.93693593205356 
147.894930491386 
-31.883674060452446 
137.3446578519756 
-80.60445218358367 
-171.10741958188905 
-67.42050371635628 
88.33905499595984 
-52.63556404791753 
122.73258547790917 
82.58475794979705 
-78.94199807362415 
-59.756132172783374 
-64.92241115945552 
-68.50922662404516 
-87.10329632536123 
-13.086454922206887 
-52.04230672179545 
-77.39657760973988 
-68.92373570239269 
-58.43668727563838 
154.74262204704826 
-37.91637098254083 
-56.495260039258206 
-84.02827656993914 
-94.95691973614935 
70.71303147668687 
-97.28709950211079 
-90.23544784146405 
67.52251722368584 
66.38506882681774 
-64.59336787023247 
-61.21425401154391 
89.62001398768406 
90.93257331179612 
-66.50788458253598 
-67.3559415542621 
-62.161291129930945 
-112.76918355126001 
-67.08234819159856 
-70.01815463200079 
-75.92468316984083 
-71.2120996360434 
82.10973728202661 
-43.78348103024436 
-48.28116432429243 
-70.24481957822401 
-81.08266306255372 
-67.59134646057123 
-65.42199429635399 
-87.77356091262237 
151.05928067512494 
-66.13649443927957 
153.79417131629287 
-62.71958587302499 
-36.60634052070035 
-73.50105810857971 
-73.36686115283507 
-72.50312915774416 
-53.0220690078491 
-89.50526244946488 
-68.12853250521249 
-77.22588834374316 
-81.06152054335934 
-23.906387282644264 
-56.85045738020256 
-76.43750885819378 
-96.59947925000151 
127.37412568438582 
-52.46863736184118 
-101.88790768116253 
-84.38251993067031 
-69.52760600390535 
-29.559766708707553 
-61.75598649611864 
-48.50359650339223 
-63.124417469319965 
-56.40840258336405 
-47.73919162369559 
-57.511253349275734 
-66.09977813108983 
-62.40578720842298 
-80.52426395199106 
-70.95059922675556 
-64.67022979687125 
-51.51993328077832 
127.1015928429452 
87.70717653671251 
-75.09156194011231 
-78.48644880521694 
153.61819665186283 
-34.191940235206275 
-69.35703802593954 
157.44345803177748 
-65.06405882602219 
-52.04659009615485 
-68.82390999285505 
-31.583822045338604 
-96.17841438821813 
132.27783961967248 
-55.997117368711756 
-70.31146062022428 
-81.53837110669427 
-61.341795895028724 
-61.35559395209878 
-119.84245654335412 
-63.729729281837464 
-83.24187428371864 
-60.58956588606987 
-70.30152904790282 
-62.01681417955311 
98.88222790461288 
144.77281890838202 
-92.02416765438127 
77.7747199588172 
118.537421245691 
-41.05900245783669 
-87.61803169224967 
-67.26341949758249 
-77.19642283255887 
-73.23779818813675 
-19.61925887822218 
-70.80523071877582 
-78.81260738421946 
-61.95105263485615 
-53.54600359363055 
-53.716871884851386 
57.1829070842651 
-81.04545504597888 
157.7051107897451 
-73.20011464106975 
-58.77843724558771 
-54.948345139316196 
-64.9065163440934 
96.09906462525372 
-71.20473024343438 
-53.76461714447125 
-78.54296477160823 
-54.34554023083956 
-44.35370108818907 
-66.36940176114938 
-78.11953085058208 
-69.50572915646161 
-99.29665596623319 
-92.01165051491456 
-38.90784707792907 
-99.00953015064813 
-67.3233151309095 
-93.43430211991522 
-63.30637494853341 
-49.72819886920537 
-82.6021838924422 
-20.998088270337302 
-90.71856743900541 
-71.48443033263563 
-59.39737098020599 
-59.783795382943225 
-79.99328928743803 
-55.301472526268086 
-84.08026740161733 
145.5432994756459 
-50.47193946185451 
-59.036966085489624 
-76.27176096280499 
-64.04397383880308 
-47.123623042088 
-77.62154840158554 
-55.65678911063746 
-22.494970113026117 
-30.592496958201906 
-25.342256303057138 
-36.45183862447585 
-77.67383288974189 
-86.60792468623133 
-89.36850411474802 
-67.71644013031758 
-69.7917026814159 
-76.41820144659374 
-54.96346624063195 
-40.263883447766304 
-77.44840898192255 
-68.58910432338914 
-68.7049067879104 
-71.89453938294079 
-47.81216242597681 
-81.76885155078207 
90.73306437922858 
-18.093425039007027 
-82.08344287306548 
-60.04543194606218 
