145.35262791334165 
-86.92657333214144 
103.70831499297007 
110.04902129680286 
95.30378322642309 
97.36976306592277 
-56.59151998091287 
155.59028153576276 
148.8617071982295 
-74.1274072969127 
-45.224995659823406 
138.73584462028555 
139.8454740645097 
113.95975828060672 
-97.68520018435353 
89.09654015792105 
-53.98607389611358 
-50.34349270357438 
144.3194734491273 
-71.38880149168492 
-48.24254473600958 
-72.0561440631875 
105.69932479159127 
-57.974698805207744 
116.3026946066142 
-84.23408496603307 
-51.25151432135933 
64.90192348625226 
-47.06469079256025 
90.17735541949212 
128.8339642490205 
-76.52532868444385 
-79.64734032038692 
-73.01999682772889 
96.00953090711113 
108.55165698744959 
-68.23998924412878 
-77.08114028330381 
-79.01028861252951 
-69.50832966435357 
-79.2912623642552 
-71.64782734888475 
133.15672243518688 
-42.60681843620697 
-66.20587704103815 
-73.0871314252257 
113.19504471250406 
-46.00923648252264 
-54.33651373539185 
99.15212634077271 
-105.90734486042523 
100.65975722493465 
92.74203089654848 
133.46727291789338 
-75.66681914883188 
90.5902124142767 
86.83439274827445 
-75.00708109139973 
-75.84860864400235 
159.51403239211623 
-73.01494375178312 
119.34536819981606 
105.9120362990826 
-68.18493389074814 
-64.6036005983598 
80.40923968209215 
117.34970066978732 
-61.52105141327126 
122.49438348305713 
-111.71682467723033 
118.80262742504536 
-75.87736829334206 
139.6448088050139 
-72.97463531666928 
-80.03944985186445 
-54.02390729666534 
-79.80393685954212 
-55.72306296091262 
-88.50322159212996 
-62.33058328445449 
-62.75886897613029 
139.7153915892009 
139.13758472503503 
-55.312256489872524 
-84.48682734317651 
-68.83479721463182 
-65.3620931159629 
-104.74592887620702 
-64.52708051484147 
-57.0687289437856 
-75.04665115508705 
82.35346779310662 
-78.16809527056526 
-61.82296486109728 
-80.51627774131313 
-78.25086051327405 
-77.46283759942636 
-67.07166486836934 
-58.340995374190264 
-48.32256867315779 
-55.65124846305338 
-73.07254367467223 
-83.44017814216932 
-37.16007528652163 
-61.590984502094216 
-74.39529045062022 
-80.24647126469894 
-62.207455904057085 
-65.28081141113101 
-65.24306144739936 
-87.81404994519772 
-64.97417327826305 
-95.95607698024298 
-61.919397633201086 
-80.57306032577095 
-55.11328522318351 
-91.63097151772361 
-63.399278429457034 
-69.45444266295192 
-89.97532753436076 
-71.65562919146701 
-67.59254708449241 
-86.41236024436992 
-71.17324104448615 
-64.23427345465473 
-71.51881521328914 
-59.320015244448406 
-64.01304199680709 
-48.41187472224862 
159.86431722785292 
-57.12378012215094 
-59.68701164410216 
118.48073345278486 
-91.63975218764712 
-59.23712286321096 
-13.263315856191108 
-88.21880426511916 
-24.029687937915384 
-66.5480680071172 
109.60548320528504 
108.938949002198 
128.3490099316583 
-41.74095592470514 
-66.5535795255761 
-78.35858143324457 
-45.1121699009079 
70.90533035889288 
-87.47143547190996 
-81.17134566092038 
111.98824197480155 
-64.83599694532111 
-84.09609708624086 
-89.78063404423995 
-82.48370374999415 
81.60365592654499 
163.1465516437322 
-75.42095913375903 
-72.54476834065476 
-171.05129313390748 
116.20783508855459 
-59.444373159431265 
-66.9522997875525 
120.6835289401092 
-86.51468389842468 
120.6375169832492 
-68.34365312619546 
-94.88267317828243 
-50.32836790053458 
-81.33801098645311 
-98.49446759213744 
-77.09908148001641 
-80.14613583509355 
104.47277972007538 
-71.05105563904135 
-80.32856855675043 
-81.11314226289298 
-109.81752420111988 
-84.09677501267652 
-84.71343236847814 
165.24967310173133 
-93.35477769845103 
142.05062557046807 
93.60090385243791 
-79.46461836293177 
-69.26891696073655 
-55.78786457877378 
-76.58558783382858 
-88.14131733028334 
-64.16058072570051 
130.88215155970943 
-65.64563978445464 
-100.96545237145182 
-64.0008640151817 
-68.68137250040493 
-63.20762607654224 
-51.50110199441944 
-82.2624008067571 
-76.5628490882726 
-48.89721015218516 
-57.234943427300976 
138.93174936757194 
-61.74235940084797 
-72.84016081930774 
-78.99460199913769 
-55.76704734804207 
-75.31282200102008 
-72.50826754820166 
-73.64416860000925 
-51.3359911778855 
-77.09460384041267 
-81.61970112424396 
-60.633528881446836 
-86.36822525719417 
-78.4518625541772 
-92.80297061752603 
-54.68907865218565 
-97.25600480619528 
-65.41545625982556 
-80.63801195844836 
-79.61277478958579 
-78.94969365625859 
-81.87698774019037 
-65.32149279388236 
141.0769840730789 
-58.32253133702449 
-69.77574513268291 
147.8960017671905 
-72.65122878564429 
-52.50454931145298 
-81.04335039100833 
-56.48363108665947 
-51.72328148205076 
-78.0683857387932 
-81.6502229227857 
-70.7513231085071 
-74.73148100794732 
-67.0529193201181 
-62.22537677303865 
164.29413927683518 
80.9453584072461 
-75.15586414727092 
-59.36681370923642 
-62.21090345377371 
-72.75998304617156 
-83.11828732945513 
-73.9088931474192 
-71.08809816862883 
115.52179207252917 
-59.12073797182087 
107.88488310352345 
-46.19479424363113 
-49.56109317471608 
-66.99180217304254 
-67.51188297505603 
-62.21826716631594 
-80.14608302192958 
-47.64606043010817 
-75.89557289494088 
-85.00428437599477 
-130.92541635949618 
-54.55893571388864 
-95.32686235782322 
-2.5276300522462827 
-80.1634322148025 
-85.59541576127513 
-63.01484730002113 
-47.13330167119053 
-67.61703312151994 
-58.30659161147121 
-76.52167358506343 
-65.06853414105592 
84.52240432075985 
-50.05629008640064 
-49.60140344918731 
-70.31747508101775 
-90.28921641481229 
-72.81503335890665 
114.15330533494041 
-23.407979761811575 
-57.97494621489884 
-67.20577999444683 
-75.98072138003575 
-80.90709624826783 
-73.48851455767053 
-69.1331545442323 
-103.82602310102976 
-79.41738670082928 
-52.444488595389245 
-55.478606887132855 
-57.27564638755428 
-48.27143955554653 
-61.78566431772101 
-95.69777572149275 
-69.41165467203781 
-54.64647712029658 
-75.94807424976986 
-88.88758019406829 
-89.18519496744324 
-84.13205711387543 
-82.38806558314975 
-87.7122522965502 
-108.50987400193223 
-80.32879107583908 
-78.11862286643115 
-82.64708874630242 
-63.076995948806136 
-80.20093482647596 
-44.3732232570509 
-61.04954794964391 
-79.36371492508113 
-87.0366527586867 
-24.4927302884391 
-81.85528356751117 
-65.006397088723 
-87.045697800737 
-63.898217231823054 
-73.9972488122295 
-81.85744609082847 
-77.14503094429301 
117.06752398570244 
-55.98994352070777 
-73.41490096149572 
-40.13534667867868 
-70.78528987876527 
-49.82655802456872 
-71.66352041440624 
-67.59961225818782 
-53.079747439309514 
-68.41421920154316 
-68.99347052164889 
-75.75109639093401 
-69.08900612523551 
-59.341423569569 
-41.82799285556895 
-82.46015637583147 
-56.87487724672477 
-65.84940103474912 
-95.82696748923175 
-83.37591843807803 
-82.48301676946046 
86.32058066676143 
-66.92364444749234 
-65.40955879385047 
-56.430079396047354 
-56.8593155090125 
-79.21787782497994 
-54.032103866415525 
-54.33195129271805 
-54.871311276353566 
-59.69873350675793 
-67.10020550798714 
-58.32842652232552 
-61.422408616124 
-72.67138589900519 
-93.5923807784578 
161.39549091765954 
86.95805375004035 
-66.71412657225753 
94.18746584606247 
-66.9831072513858 
-72.84303272935368 
-64.31305306057207 
-48.93511994577083 
-79.23649318844662 
-75.35900426674301 
-78.61709248074409 
147.60483205552973 
123.63696912924128 
-74.06914977202739 
-41.52186389754237 
-67.24556074169608 
-104.77471386728449 
137.29850161259125 
-78.90072180778373 
-85.93228719812777 
-67.55594593892575 
-72.54943578502399 
-54.78297377527641 
-74.59458632729684 
-54.631587046625526 
-93.19596624618804 
-79.0246866136716 
81.74114006091897 
-69.97203699640875 
-72.5590211105003 
-69.42158519557887 
-67.45093774314216 
72.32503457127494 
-51.75493077477763 
-54.06619148632687 
-84.3845205532735 
-50.51913177468456 
-77.68092179075227 
-48.82655566734454 
141.23359987627032 
-65.72608367994683 
-24.719031970680255 
-73.15612791162465 
-98.99621324479116 
-94.405763503818 
-52.540056231441795 
-57.52451506060509 
-73.82894644493626 
-83.09784780944425 
-84.79546555006425 
-93.96088692782887 
-91.48419570407694 
-89.69797312337737 
-87.83720379733211 
-74.19892803986939 
-80.05492576694233 
-84.3642688011341 
-46.17979710274727 
-49.88776344314981 
-94.90795203211717 
-79.57243453155866 
-90.54616269214841 
-72.62039053310008 
-92.96691050260398 
-83.18507980214918 
-58.72952921175622 
-83.7239948727098 
-81.38270312504991 
-82.05439148624743 
-64.49453439076633 
-77.85101829759937 
-82.57063273174975 
-58.06720766440061 
-85.06251215796905 
-75.73011413170647 
-61.84635147983167 
-84.95521596649199 
-52.53915628829247 
-64.84318573895843 
-37.90166210158387 
-71.0839949102904 
-53.41819064875199 
-66.49527957688697 
-75.63106667198436 
-76.48848734610594 
61.823749228805944 
-70.33019058761153 
-40.697938197415 
-84.15229818811291 
-62.97100249452571 
-69.23454073312793 
-83.85240830615356 
-82.13200723537354 
-79.09064365863311 
-78.3306501888038 
-79.35499439124091 
-72.17368108324646 
-81.42475449808279 
-68.55293777148663 
-45.59250161763909 
-56.123583094448854 
-57.28399564204021 
-61.817661824235756 
-73.21929726526349 
-80.9243627407888 
-77.93910814611645 
-59.15770857278626 
-72.06520871224666 
-68.10285513330672 
-96.61787818496416 
-84.31325386560346 
-67.62619633575649 
-79.78957707358622 
-69.12128198774506 
-77.84526294069339 
-51.19943138646416 
-75.28688524577751 
-85.11206478912781 
-77.32321620647546 
-56.26242775870878 
-78.2028286714785 
-64.20989993360108 
-89.44380231912767 
-76.31638982394941 
-59.91279027918329 
-75.47408759254407 
-82.51681303185532 
120.18544142270471 
90.82005827717028 
-62.78559445733703 
-68.36858161362689 
-74.78515024226425 
-71.15881788620074 
-76.4117908182678 
-78.0224701115491 
-59.726172500318086 
-65.56645151024007 
-67.42972581408814 
-66.81128642622943 
-64.84198545079234 
-64.66962395677267 
-59.73942869628841 
-60.62894950917998 
-56.94611948894267 
-52.039154054306614 
-86.42170219078811 
-101.59809475354109 
-57.16777111004374 
-75.81534377333143 
-59.414608601718854 
-76.38246003312078 
-69.6875188498293 
-89.58265151736427 
-82.25718566591404 
-69.56064194516468 
-79.55713110901607 
-59.177993813236576 
-44.36633890240806 
-56.088285076178934 
-71.83561326198519 
123.10475056469721 
-62.3305340808983 
-90.88304865823208 
-82.09069406223304 
-72.19923357387701 
-83.82921997456619 
-83.81919166787391 
137.81091675384695 
-69.32399063095608 
-52.029560480350995 
-55.38998466832806 
-109.5847254504094 
-81.15811590670587 
-90.48765924338522 
-56.9967094742979 
-68.22937050373785 
133.8804538125364 
134.2314894056318 
83.40254447894448 
-64.82372673311663 
96.1803187067268 
-74.12529877341598 
-73.35880173870113 
-74.08617478816309 
-110.45402438284054 
-67.28098987567998 
114.50343900975287 
-87.89698687727775 
-64.4480874483707 
112.51465565844657 
-64.96800441419656 
-76.8882502182301 
-84.78592866740547 
-65.088245981033 
-100.84843129049091 
-62.56356983855517 
-50.92007793731882 
-47.83991769174743 
-51.48987894434501 
-78.42705909174764 
-82.34134404205592 
-91.11681468420768 
-66.79871671130579 
-45.181278082365324 
-46.44724600776744 
-37.16868073716728 
-75.2827388540707 
108.71058933908027 
-56.66442742449029 
-78.76162456474746 
-36.312276554760885 
-67.7212993657239 
-69.25107547950495 
-85.28365620874092 
-66.87537698495917 
86.47117634031143 
-93.37398605157986 
-51.00741835992275 
-37.31658945462068 
-103.927962947597 
-70.02952191229181 
-100.58558471130304 
-69.58355182807655 
-64.51476037829399 
-39.44788591291577 
-66.51319208034722 
-56.2659306298803 
-79.94099573597913 
134.59324377152998 
-77.32979121719586 
69.04973223367887 
-61.021090725145115 
-79.68131944176315 
-70.82472466660184 
-79.53967343955223 
-67.90687051140603 
-100.03814200640998 
-37.38652338807577 
-84.56877808211557 
-76.85328502419875 
90.13859478508255 
70.15371668728807 
-74.25716904264529 
-63.31711344124082 
-100.0083891075933 
-64.62420758865902 
-83.11103033520152 
-110.63091926510072 
-72.33295280456424 
-77.84531535425783 
90.89501183404504 
-86.46432252600265 
-99.98441741930107 
-87.6039134972798 
-86.79874044562106 
-54.39736310880776 
-76.70803276217637 
-62.788851668223344 
-60.955630222454516 
-71.26100398948904 
-72.33806302490316 
-109.83304073820916 
-88.12710775721537 
-74.17021158821602 
-82.40475454402338 
-76.89881704201618 
-50.86386504128759 
-82.88771892569042 
-85.8597521975348 
-86.70247245093753 
-103.10048725284479 
-67.55695598624942 
-70.95595639635573 
-88.08680264843494 
-80.10564181008125 
-57.25940892009765 
-53.32014581156302 
-78.74776465793494 
-71.75412558618747 
-72.484587936463 
-67.35177338291412 
-72.41757830930761 
-105.81762047426423 
-81.67433660066229 
-69.37209988730643 
-72.99704758213345 
-83.01821496818876 
-98.53829863240803 
-78.02597629262327 
-59.83012154289944 
-69.08340789246277 
-75.38177936567779 
-93.51896978316323 
80.31729567224592 
-50.19452934823634 
-86.77171485381483 
-67.28656710231954 
-62.81872413004201 
-62.114858787520504 
-100.05816884904857 
-53.52191985602414 
-81.52784709654141 
-79.65221234826113 
-69.18116595726413 
-59.9431628121493 
-81.68005204529729 
-73.68116007696506 
-90.6632680566371 
-82.50377174760158 
-64.63298488208193 
-101.17397464687573 
-64.8293769384404 
-73.0366160347047 
-72.48699163832055 
-70.92289425747076 
-62.713906646880226 
-69.95329210983057 
-98.83930930050174 
-60.30231257693821 
-93.09799015740178 
114.61463201885984 
-70.44757027048448 
90.35533393811576 
88.75129745805648 
-76.11508352045948 
97.89038208939566 
-91.57599755673068 
-75.4839863401745 
-21.45074233174327 
-105.40161766749837 
-76.48939853375677 
135.790453872651 
117.57032345193417 
-96.06871799852182 
-53.97712326608355 
-98.95355615486584 
-69.30381821735723 
-76.72222401051116 
-79.19152114773361 
-82.88210978535038 
-60.43507616837789 
130.90172016940832 
-69.20989634970914 
-89.61594772438991 
167.22969223041835 
-70.72632924395697 
153.0705784793983 
-68.34296453280008 
-23.984887453100356 
-59.86573304337198 
98.24551691451458 
-47.54159108774319 
-61.63324016077683 
110.55313460218652 
-66.25279291045929 
-52.54761509975254 
-68.59761646220485 
128.22231374224467 
-78.94800627181746 
-63.485480741814634 
-79.62200408136177 
-64.28340999055372 
106.24700169421877 
-51.53758895005543 
159.60931389744758 
-52.99853568300478 
-54.31909839464246 
-68.59991679599932 
-83.22903754615027 
-68.08283533751104 
-58.60448524265451 
-57.32530500520273 
-66.39734817609818 
-70.8559955431321 
-81.58564762342577 
-66.99565187555866 
-85.4087679276336 
118.12333560480121 
-81.73135894695517 
-76.24843468414402 
-68.85761213892515 
138.0155778950486 
-64.58548091551864 
97.69346153701645 
-61.74683893677473 
-65.15349237737819 
107.22004595454615 
-75.24693440230405 
-107.53535785365762 
78.70436871247198 
121.11662147638421 
-97.75619983528762 
-70.63067000420041 
-96.00837205659992 
146.03316585478487 
67.83698052464463 
-69.85140338783532 
108.85961547927701 
-62.06513254826615 
-84.8401643272638 
-91.61546379185647 
89.65882333433704 
-38.05084520231287 
-78.49606354084408 
-71.96315457959523 
106.46853429893497 
152.4911350812008 
138.59005343803062 
74.90899572895951 
112.71970680813064 
94.38202561605078 
117.18622158042892 
78.88165930651117 
51.77291488256861 
99.87097770456366 
-81.58928467803466 
130.65749377889682 
84.51411708823446 
95.93043786753005 
-90.93439939501292 
136.70141762931067 
137.23967711375676 
91.42470690631744 
122.15157926453459 
-79.38980540564637 
-122.38972869271943 
-77.62763232687801 
-81.71908939620413 
-95.19616255927926 
-116.54726150341452 
-34.683697367085166 
-62.947683926884956 
-79.23972818679276 
-83.10146789086104 
-96.27291578079007 
-66.91494716228836 
-73.10645080447973 
-45.31984230442548 
-66.20552413290402 
-61.461939822337364 
-74.85771053339288 
-63.231722042002836 
89.73210749163219 
-74.90405403158718 
-82.28644054640068 
-69.47893636487913 
88.03091434549341 
-95.7378562671468 
-61.85933800035361 
-61.68250934617517 
-90.30569621514553 
124.5290729404278 
-80.69644698908739 
-74.21687481063401 
-49.84236779886514 
-63.797918072628335 
36.37585302457747 
84.2265684528286 
-20.216957248561336 
-69.31138186950831 
-96.16621121469973 
-96.41461248436502 
-66.51241944688508 
-73.01562621815796 
-57.58062343290419 
-77.75845103828875 
-93.38772500401613 
-68.84617832697329 
99.61698067761343 
104.32240596707976 
-80.70726337057418 
-56.65160379026948 
-95.94799239788689 
84.14712655245692 
-88.31822895417667 
-67.05127732674723 
-62.93322516902693 
-55.37848996800628 
-48.94216744870225 
-62.78046852608047 
-47.708969513669196 
-77.24220800459486 
-73.00516251729007 
-53.00668970354372 
-87.54182707378588 
-40.80062928299523 
-72.36730273623316 
-62.916759482991786 
-75.17871855015787 
-35.7103988170828 
-107.41358090531453 
-102.1475517505175 
-76.50753693323976 
-81.25252915001933 
-58.11239835670151 
-60.74673764819366 
-52.70593009345218 
-81.35496931265857 
-91.9495517307119 
-73.58815367116459 
-80.4411744781276 
-71.82284753724234 
-79.03331267706092 
-92.33804090149538 
-64.57498660163797 
-61.93148043818474 
-38.40567773525198 
-65.43386148973562 
-89.62001618798328 
1.5304627757283968 
-73.10540885660019 
-77.93170213493701 
-58.592629620212534 
-86.1540668032788 
-104.51537603119844 
-58.96858441888407 
-90.01478318775268 
97.11726674115666 
-62.85012629063877 
-77.8475588852316 
159.66079379215344 
-82.95930887365814 
-50.9373152651073 
-64.95727527481458 
-70.77424836304786 
-60.59869609625723 
94.9872147911836 
-97.39549871898498 
76.01311251012667 
-65.45088523913455 
-68.2541884422199 
-76.03339402530025 
-58.545036581176944 
-71.14924995711203 
112.01452740931556 
-82.5001163213341 
-54.7076994423428 
-94.40748069291463 
-83.49431490573446 
-69.42176823532198 
-59.420081558397364 
-65.39986697747766 
-39.619513572719825 
145.13308472764314 
-78.98670582564387 
-68.28080145093229 
-83.24004687698374 
146.91722975246438 
-73.54445102103193 
93.16811294301115 
-79.96878056106564 
89.26762302554917 
-60.26574835323194 
-76.70145594620995 
-59.57807625055019 
-69.40021777362634 
94.86090638031176 
-84.16156704621596 
109.90611795046361 
-73.02024973575861 
-64.71089317730045 
114.41997225869673 
-88.99433489794515 
-78.42860678414614 
-72.93317611882796 
-67.52875537992963 
-66.96135612222764 
-71.68538046750696 
-69.6724814049207 
-66.32848430412429 
-59.7726300396509 
-59.80469974946698 
-40.519671570668486 
-108.17816864321807 
-84.77918909207474 
-76.97173322470672 
-79.50377707083655 
-94.61373641017711 
-87.2359476429534 
-83.44460220565216 
-79.24852296452488 
-60.075871798732166 
79.12957668609766 
-100.78220462883142 
-69.34660104148412 
-91.78066275576126 
81.14022531751921 
-58.237396418545956 
-87.54231291286999 
92.22568433564999 
-125.0856388212637 
-75.30815821975942 
-84.9121447809974 
-82.70753401562509 
-75.83003116579907 
-88.67967768461486 
-72.31593237677211 
-86.46827982295956 
-71.08036897570872 
-80.84670435524093 
-82.19092475884389 
-87.82158673984493 
-110.34181568630943 
-80.9831635670129 
-75.66477325051584 
-75.57282930035453 
-61.637414728580865 
-76.31077908325958 
-84.80273762656076 
-46.12886034114253 
-69.21394437545048 
-86.96724658209796 
-90.60894179736134 
-70.20130608229572 
-78.58560207676919 
92.83467558487847 
-62.699395365362626 
82.76215860491436 
-58.69436273283614 
-52.931033792509496 
-62.98031633013486 
-74.88210105444071 
-40.36222178152662 
129.2449674687211 
-70.40251169182356 
-77.42364921491357 
-50.1006784909719 
-53.271621059916995 
-78.74943450757641 
-43.33582591039627 
-91.63352534499613 
-82.2817536578287 
-81.75892708184635 
-67.99366076541698 
-83.23285126993738 
-80.1077653637952 
-56.820329869451996 
-54.775254887688575 
-77.42856403311823 
-59.24383588357594 
-83.4651900739799 
-81.0779424819487 
-52.08044648710072 
-89.10095721353476 
-39.52584216898564 
-75.91561551777836 
-79.44205541850606 
-78.87149419698872 
-76.94623372660244 
-97.69991627995192 
-85.26762001830137 
-57.896228106570675 
141.0330920308857 
-55.68144982142953 
152.5365089386043 
-68.17286528506807 
-86.32887210072548 
-84.7246534864334 
-92.26917789322691 
-41.74692631604985 
-85.98254155461987 
-74.99747716757066 
-71.8406991172131 
-65.35804508101651 
-61.054215446443884 
-69.76420451741768 
-62.56252659454791 
-72.46866506818827 
-63.29925318700545 
-76.96522552664315 
-66.9610630676966 
-74.07962746653486 
-76.83695712180614 
-74.06661579936089 
-79.98075714909267 
-89.2766085445961 
-80.84026470417162 
-73.29763241541804 
-74.76689668341959 
-51.18040698952857 
-78.27687201511772 
-59.164122457963195 
-61.18341238537065 
-71.87196707570311 
-97.44582409605161 
-73.02699349833179 
-90.71664327234264 
-61.74725693546813 
-47.25230555876191 
-98.55959559451155 
-83.51290505948177 
-77.74037028167396 
-65.81497855144472 
-62.28924038583705 
-73.83142416124237 
-60.19465144541111 
-81.87974154358558 
-97.22182182190882 
-99.37400733880474 
-94.3235709400156 
-66.34476589898526 
-70.16639736900379 
-70.42777760906452 
-99.46127049951946 
-79.07220703962807 
-72.19426252228267 
-68.65670593565235 
-62.471172372586054 
-81.76413988041034 
-73.98608645141154 
-59.4981106494845 
-87.36400866961736 
-66.12825425197259 
-73.63477581144136 
-67.66957391807759 
-50.70178934344553 
-78.55070441799965 
-82.04618241709296 
-83.06552280510223 
-89.04753090015846 
-90.12388190529941 
-69.50563466238778 
-68.3163492218598 
-76.43390597998088 
-91.83102364735642 
-83.43040173461893 
-88.4126744938778 
-123.14053059862468 
-77.44059222742463 
-39.783458814244696 
-66.27790624205993 
-88.34535570697024 
-50.041452478131816 
-51.380816359219125 
-102.28888281937418 
-32.75522951994937 
-52.36298241978635 
-58.17306287971685 
-67.15552869849905 
-63.71614699263032 
-69.92068798733064 
-65.4569384275417 
-89.28638566157456 
-79.76995525204845 
-62.68833160849462 
-86.7261463660836 
-50.24596083888596 
166.7010932368575 
-102.50026419532512 
-76.40859416979382 
-108.002751223389 
-79.54958060582318 
-74.23759962607323 
-61.98794344089055 
-62.77692798381741 
-89.34009156010679 
-54.02873080022212 
-80.81211749731916 
-68.65433196467212 
-32.022227528652586 
-78.98353641615913 
-82.48396095205648 
82.9138162231896 
-74.76570329302847 
139.62462896229067 
-67.81209933761996 
144.41811627060784 
-65.12933534823419 
-51.11546629709271 
-64.38205037195621 
-69.08401429810084 
-78.06901048011501 
100.16303418650433 
99.33845661892622 
147.99250148701816 
-95.08090371432927 
-80.94814906948618 
-90.96522215068676 
43.343584228376976 
-30.90458403061538 
-75.61133706628695 
-51.52392975521729 
-78.29347152685641 
-90.78456569497328 
-70.61739645873148 
-87.3654732785972 
-96.30408744428942 
-57.56970633014678 
-80.66736260864138 
-71.17013528110441 
-94.78925894840167 
-69.53238946925516 
-85.31957632232366 
-89.00993798933878 
-50.45530391789485 
170.90387356841842 
-65.32486556991603 
-68.50642608895578 
-96.08727881812786 
-91.83020513559563 
-107.7817889588576 
-65.59366486665255 
-26.63262686608863 
-61.531668471687446 
-72.90458637607396 
-87.40297969308106 
117.51256563088165 
92.65366740359617 
-86.17371242480957 
73.258586433584 
108.44337576116226 
-85.43599730829376 
179.98684878873163 
106.84975477489147 
96.8662731566818 
87.86157886170733 
109.51631775278048 
123.18450969643182 
97.71437693916893 
104.66676908882214 
113.35575035007427 
141.63239466253725 
-77.81709462035232 
-69.67446511172345 
-55.93599335786625 
108.96082134433392 
-58.472392993327425 
-69.58584065315945 
-41.50961770891607 
-79.25583918982456 
-56.132272809559495 
-69.43472532420544 
-69.98694724072492 
-69.95679032764882 
-64.19999976216421 
-67.14412541418201 
-83.68474134091048 
-69.12049605500913 
-61.805913369671295 
-94.65718180235079 
-52.673333809851066 
140.68175569104673 
-83.88822970751693 
120.10898682073866 
-67.21900519065278 
-67.653057544507 
-102.75490868190616 
-63.22285854049814 
-86.05418700677241 
-80.88080789352551 
-40.75277633706858 
-71.44236933337925 
-77.66125251063728 
-61.530229780798244 
-56.445922393825356 
-107.37469056625783 
-83.68152743183762 
106.83120818861181 
-33.78692572191969 
-89.8400448515937 
-67.0747962662175 
-50.42948221617356 
-55.02072142101091 
96.66301119012014 
105.25102503268046 
-54.73966814551638 
-65.94332097874054 
-92.51931288901542 
133.8292779461654 
-39.325348763058415 
-81.60837260398047 
-75.07828890426899 
-47.32195032402647 
101.04284086570267 
-75.08692885833655 
-83.33441980517614 
-70.74095351727283 
-82.1210003759425 
132.75451074090952 
-57.78652617537377 
-57.001009877815015 
-67.39540688732694 
-99.32004340578747 
-54.67655079060635 
-78.37575732045342 
-34.73564871779258 
89.0363753916604 
-60.95321638447194 
80.4893911489655 
-84.66196516760148 
-47.64584617944219 
-20.18541666150148 
-45.82596282595904 
75.25869275248962 
66.07585734788447 
-91.52832427024396 
128.41988321134508 
85.1572374029519 
-83.07378825601481 
-84.51082695341428 
-64.52391959582005 
131.9809991917842 
-74.7395948771693 
126.8946308486242 
-92.69495895527376 
91.23853528581456 
95.78077988038646 
104.85722943667201 
-70.15393242534185 
-33.798948352562675 
-64.92782708160266 
-65.44140575939407 
-67.90272926176905 
-59.3392368231616 
78.91052837662546 
-52.07387870528056 
-50.417556170535015 
85.54209973173587 
167.30376895517475 
86.4727606272362 
-127.00858679477446 
90.08444112272534 
-45.10481361116204 
-89.45484425471643 
-77.83188343125134 
-60.84819082036619 
-80.03554497531317 
-25.89428489818621 
-45.55169875435638 
-56.216816507725795 
-75.41801027113813 
-42.06246673540073 
-39.86542240105589 
-70.99187157915168 
-54.26579883249004 
108.98143376114669 
-86.90334552886887 
-55.35480248903591 
-74.09832125630906 
-75.65624932263825 
89.19879847988724 
-86.23239026463594 
112.54442053883444 
87.42484347153122 
-61.62695262091226 
-71.0163668326741 
50.12035681239679 
-93.01265013685577 
-73.3491587936057 
-72.4574446839128 
92.91966086603448 
-67.12612635102626 
-74.20498221650885 
-87.04192581909612 
-66.375585726638 
-47.85199852180497 
-36.90551028341222 
-72.28898860907243 
-53.81085364816381 
-49.173645856192266 
-71.81806495596877 
-71.23779120667473 
-46.36967362753939 
-45.914603782869044 
-49.794431616717404 
-68.83025085802407 
-76.58437308216958 
-68.43998234574518 
-67.90577944015429 
-87.91865347076435 
-54.771664169117884 
-79.2163066305103 
-87.9397123558188 
-105.8135370118244 
-60.41164893697454 
-65.47507099208167 
-68.18184520740063 
-42.94939271680648 
-61.93327407746585 
-50.833200964938555 
-47.36135746442032 
-45.94213478587572 
-76.33337292443886 
-70.80505414538626 
-102.38897123490672 
-55.5376797433265 
-90.26885617845019 
-102.72997041106592 
-49.79855883233295 
-80.49860818565813 
-65.52168237224814 
-92.39856073504974 
90.24861465440804 
-70.07286995561668 
-68.53693451965955 
90.90283433558623 
-72.69082757879694 
-113.85257444192025 
-95.3251174990941 
-64.77208652754571 
-73.4502581820006 
-71.84971793078158 
-83.53411772959372 
-69.13454277389275 
-49.05668095603192 
-91.88044445296347 
-70.11532162318159 
-53.68358596941682 
-77.51829465595021 
-52.256295348971285 
-60.41578698797795 
-67.18554405444075 
-95.21843558161562 
-86.78511689729747 
-65.13664616026416 
-57.474087381926516 
-44.90423729877324 
-87.50334393560411 
-86.40385102927958 
-61.89590200768901 
-61.308009792385015 
-84.35565352574578 
-55.73782395363776 
-89.0372600577045 
-84.10054934390091 
-75.28957888719695 
-89.76125854738731 
-79.4927586239097 
-66.75082806079733 
140.06214996142498 
-78.2740853901233 
-84.91182392258602 
-80.20026517331361 
-65.478689478653 
-68.42773779158763 
-56.31847975139968 
78.69010348842461 
85.90295493875136 
-90.03890697278094 
-71.51557138076836 
-95.92473477647668 
-83.31004991339489 
-81.93307966665998 
-78.32061734967894 
-76.14125416489804 
-82.2441123125732 
-68.25956466331942 
-66.72906220066 
71.31528320550792 
-96.50085355491386 
-79.38671930332788 
89.65660908476191 
-61.31303200040826 
82.25096405582383 
-75.62564002427656 
-82.5616596514547 
136.76358457492995 
95.63558994296203 
133.723654728551 
102.16216532987222 
-89.65741883427795 
-64.23924242029679 
-72.46710738305902 
-73.92021338936034 
-125.40818065664402 
-71.09526591291274 
109.29132056253184 
-65.12243594942942 
97.46650158987923 
-115.25281317380536 
-41.537289950884045 
-75.64800237407489 
89.61096537268728 
-71.7810188755083 
-66.31903318916815 
106.78702386470167 
-83.73217353596254 
-73.87843456339809 
-73.77561634995423 
-83.83596932046609 
-75.1048676047178 
-93.46895027377683 
-59.74345761155023 
98.97408854544892 
117.89246556159102 
-83.40195007032425 
134.70251944001572 
-51.373018002113625 
71.15814158249181 
-85.06038604822646 
-73.73430511439413 
-26.896498070738865 
-71.42410094626291 
-20.94616019225246 
-43.61402925814042 
-75.59551543596196 
-40.17813487768826 
-68.17168306272113 
-47.60387502348221 
-71.50501937594031 
-62.07275085031543 
-46.8920045487466 
-62.15306300062069 
-77.6351422842168 
-59.42309935229261 
-78.00377832231369 
-112.97643298922036 
-51.49754786769494 
-58.938675745298056 
-60.510663206821945 
-74.39636376565282 
-50.211922901313514 
-76.14413125590457 
-91.02745858944184 
-70.89320214639056 
-79.435909294759 
-65.24143313669593 
-43.21870697425667 
-74.7659531577566 
-62.29526481642926 
-72.59702953512759 
50.71013651240117 
-86.95441589777388 
-40.190130422718305 
-75.36336701569356 
-83.69343174432808 
-67.49858397179392 
-88.08291836324379 
-86.07232470679125 
-81.23392309886569 
-62.49043686857352 
-97.97644963785532 
-63.73304063357572 
-61.776350609914 
-39.04639683824478 
-60.01245748050194 
-88.62411836937673 
-79.23326419516081 
-83.10625941144075 
-55.31969660178226 
-87.94926370454431 
58.20784783815937 
-67.51096191419362 
-72.79466026313428 
-61.11017871441189 
95.78954023900768 
-101.83793209153775 
-67.86494500637382 
-45.32684853354131 
-68.07289168581511 
-50.75104132312951 
-73.87203753926727 
-56.29306931823281 
-59.70759567397709 
-65.13196722976485 
-74.16310158671112 
-70.45797477530317 
-81.82638994406861 
-64.81698754274295 
-65.0802088758931 
-99.00718309011665 
-86.36316342405772 
-107.75920222739028 
-66.72797071175106 
-100.84807973844089 
-64.75593722172574 
-83.13078402494703 
-37.08831745971853 
-85.90417302480282 
-67.7248463980628 
137.49615772282652 
-74.41078718900866 
-86.83023534586845 
-65.64006151695979 
-72.89953692769103 
-72.1361638441509 
-72.57141098720517 
-87.65241639843691 
-74.11573526314939 
-68.89681717459028 
-70.18088899994257 
82.34537568252185 
69.43240437695292 
88.48118021761924 
-52.37027110237642 
121.12153625966559 
141.58089395015688 
-44.388540686746246 
-91.05620085793561 
-67.6717452386526 
117.31777262715025 
101.91162632270232 
-74.25675158175184 
117.54917378574802 
113.53645509178436 
-115.98404870784913 
105.00524995596666 
83.71931347062663 
-98.88536247934513 
105.95243734434683 
98.18634748780413 
-86.46794707805721 
108.25445098939328 
-91.4534246475628 
-72.54296145762596 
-44.89688213576018 
85.35617726892295 
120.87807775990333 
95.67374895248726 
-70.53932166055738 
119.13026870305121 
111.92555130058456 
72.75807737882263 
124.88229749132503 
-65.1220481571062 
-83.56721597863441 
-79.58714934168358 
-68.85354937131646 
-72.7635804011763 
-55.183165040628396 
133.17572641066076 
138.35432840336458 
148.1080926661159 
-63.0043721607563 
-94.32151413011594 
-78.88857724588628 
-109.50396470418545 
-65.02719461062625 
-72.51224999609494 
-58.50631662032397 
-70.44917576466987 
-77.81022048504374 
169.38162154071875 
118.09158126396441 
-75.0667409021301 
-55.78907854495354 
-72.40993581886822 
-108.09352513127534 
-66.77257693163786 
-45.76117938671761 
-55.24388575434647 
154.9710542222439 
-88.34033796086811 
-59.87883168775824 
-69.14978918656372 
-63.26451056049051 
-87.95362651730554 
-62.482802439686445 
-91.60942936252547 
-79.18405320006039 
-83.13439022623929 
-63.44928657693206 
-49.670590363133535 
-85.26409272525383 
150.1576776785683 
-61.6914840672319 
130.0014927733521 
-71.24864374245256 
55.28133367273607 
-86.74132365294369 
-53.84367655954319 
-73.08837672138421 
-77.98051825233361 
109.60926297671057 
-80.0201707891027 
-69.86631143328484 
-62.83720185374734 
-63.2211957571399 
-68.87202480874396 
-62.79781357015752 
-100.06327451939028 
-75.07560272115681 
118.01775511982174 
111.23542141082876 
106.81511396555022 
-62.49249245407287 
129.85628568977597 
-77.7229167890456 
100.63719993681586 
-106.50958436545874 
-51.8637389091366 
-43.90604246034593 
-120.3732415735373 
-80.80282552944782 
106.54299395127288 
118.85271555660006 
-60.94629908936628 
-60.30209507648433 
-77.67573617931156 
133.64805664600917 
78.12703205159711 
-79.6003386219012 
-87.90870009590184 
-83.16931184825862 
-87.42736776877005 
134.77737101856076 
128.40748626975585 
108.86310224990063 
-85.76355578667075 
-43.596008154505256 
-41.644370079235316 
-43.942284767948344 
-72.25136426475365 
-64.56683432223737 
-98.2437795936833 
-84.10141157709486 
-80.8225746631514 
-80.81562706689084 
-57.93493853586999 
-90.51183090296442 
-77.85886698772174 
-70.1119092770159 
-59.19517792850556 
-94.09579954774861 
-42.9703230310577 
-57.17095789353403 
-53.52352943673347 
-64.03946380525973 
-73.59967756021128 
-77.85177490115849 
-102.22868576080847 
-72.11945396188523 
83.88028358309272 
-94.49431868899731 
-73.6472368374397 
-73.02269665553544 
137.13602353696413 
-78.31922452032504 
-88.66522265272602 
-32.1368599305905 
-40.096755564448294 
-107.36310795618748 
-20.479522555147717 
-67.25445983944219 
-63.26322134836866 
-52.58793903453302 
-46.48583015190193 
-55.82525387902344 
-74.94367816002516 
-70.78053718012944 
144.2339771223264 
-70.37366690046146 
131.17075003544784 
-67.57039834323263 
-76.27499869380274 
-60.949591922790844 
138.2225408378234 
96.6486603812863 
76.4029950209062 
95.39710152961634 
132.57930388235243 
-49.11433145226424 
-61.53879881853068 
93.90748687350022 
-68.66869662986059 
-63.95678242546461 
-93.73752314721918 
96.87583568025303 
-72.3944943916549 
-43.27095054960521 
-58.522219911592146 
-53.324260195456155 
-58.242528636899486 
-66.745371977305 
-79.53469111290555 
-30.38984356405028 
-69.06527218383113 
-55.045608123359806 
-54.405024998627546 
-103.74767490637238 
-75.33046723828754 
-81.1435336363773 
-66.1647722621858 
-69.8526827291924 
-44.12890715306922 
86.98714784721422 
-47.31264324647544 
-84.70050428442164 
-78.30655837099637 
-83.56735089132366 
-106.16274959262199 
-112.01483422826473 
-74.26612141545199 
-88.68073963708552 
-77.18595725718345 
-78.35587092740033 
-80.17525255238411 
-77.96815459494627 
133.3054694327379 
-45.96652563550983 
-77.89495847858069 
-34.93308899451228 
-82.4351969568421 
-33.8747861137485 
-64.35778579944392 
-97.78788960844103 
-55.01601315845525 
148.21617833412284 
-61.51799472367076 
-72.24268514741387 
-87.19560893336617 
-57.12418256471657 
-70.71413647122894 
-87.91022719435452 
-76.59213631371148 
-78.89613427740322 
-112.74103257367908 
-95.08762978823204 
-68.20964848061965 
-78.26498670728424 
-68.79487436563514 
110.27869463211347 
-92.44033395573427 
-56.72830020702265 
-86.76202720956171 
-60.30647677816664 
-75.93784090424981 
-81.5162909556948 
-66.07908655786618 
-74.57883632622841 
-59.183864662940564 
-84.5515042000584 
120.07800799838346 
-81.86158097444832 
-76.8836956535132 
-65.02364242489945 
134.2876461608503 
-72.5607944150394 
136.8946635291264 
-51.76120722659498 
-66.7904824746064 
-77.501571724351 
-61.83606431214931 
-77.1599240545775 
102.39230773951452 
-74.47021210591339 
-73.73719313077035 
-62.48091542446231 
-55.259174633061086 
-66.01478169985928 
-68.20873316123122 
-84.97021760197534 
-58.40714999663778 
-37.28967171762702 
-81.19420587418425 
-60.67536633847635 
-77.49548549376362 
-71.04258787265888 
-54.80785441715396 
-70.14997736702931 
-75.29266379407312 
-87.6521071470812 
-65.65339618271382 
-99.05430498071286 
-87.52983169645884 
-80.99683917295728 
90.48984986648135 
-75.4433512303886 
-89.41724055793487 
-75.03508927525715 
-90.45353223763182 
-81.27304484290757 
-87.37816800067273 
-65.02102116314934 
-72.74511249698844 
-71.87634030774413 
-73.90055176215601 
-55.88723285548695 
-63.53755928505085 
-65.73230428849537 
-71.4679308423925 
-64.71286246372566 
-55.82731210587069 
-79.14566163790818 
-59.91297104882602 
-75.94196906062064 
-39.48024497600253 
-71.89991364903744 
-114.43222388747067 
-27.108670355347 
150.50603032586014 
-75.48317636194052 
-71.81332714454024 
-62.45643986799258 
-67.1650781729907 
-86.23356016143845 
-77.94951085690089 
-68.37208073829827 
-73.0117854806787 
143.72539812310586 
-78.64073497225218 
-47.55756928713395 
-72.0989652964307 
-57.141319071143215 
-46.60671868726375 
-75.29501197446955 
-55.055546726263934 
-64.35702328463256 
-89.3294588174532 
-72.18410106903028 
-90.4074709948703 
93.59276661161459 
-55.19381816474343 
82.45983977662944 
-66.39123129588553 
156.27805803019928 
-58.153669677423046 
-74.83880497861878 
-78.12159659335978 
-71.72823979583279 
-43.34124619770585 
-68.18705882469344 
-57.06186676674555 
-77.17499119269486 
-75.67355165095299 
115.2877843211688 
-60.18242920068325 
82.58730718219836 
-82.59412610181936 
-62.64707404593869 
-88.39607017886951 
-73.57943948792395 
-76.08765629227403 
-71.85691407537668 
-63.43790705150302 
-71.82439763399766 
-61.98964407518185 
-71.70071340939263 
-60.841312511268775 
-63.589932843468496 
-81.9343226954618 
-49.016850060145 
-71.1744018260106 
-64.14556575329297 
-81.39066594191861 
-75.02296045307729 
-70.7028329855446 
-59.87143300930928 
-70.38277732809973 
92.6698029256258 
127.72730540612358 
-68.36579243845942 
97.09841716759927 
-107.44369109557029 
-72.769616721512 
-117.0465279539558 
-102.73116358350364 
-66.13603859913006 
134.68117000960396 
-62.43299161264261 
-115.69747640297933 
-66.4839721528127 
-128.76245162861278 
-83.11939935321537 
-41.44792443207848 
-69.87287789796844 
-81.95934596911924 
77.47999700117934 
-75.15670235059973 
-82.06741112589718 
-70.8877966779043 
125.54288085518522 
-51.87663894654331 
-70.75569751675937 
-75.33154703751207 
-62.151377683515655 
-88.53806549999713 
-77.15233937061069 
-72.79776125768336 
-73.87117528085722 
-82.50624974903242 
-50.15244449608339 
-60.68553349399398 
-72.79384896720626 
-77.12182877631774 
-79.7891930716811 
149.5551367309316 
-100.5257335558605 
92.87245770009625 
-77.28638029055483 
-66.9312058728376 
-74.09212127851671 
-61.38284771032148 
-65.47563531896408 
-77.7188540254884 
-106.06151941297368 
-88.97782504635147 
-51.701850711288344 
-66.59736562531079 
143.61067450095598 
-97.49998046399149 
-70.46798995666025 
-74.63550763062084 
-64.9789609820172 
-88.89584458646097 
125.58141224611344 
87.74951407246387 
-75.59888908398433 
-62.44055355817919 
-65.88075262123648 
-86.35822214873465 
-65.19522779946557 
-32.584898235503296 
-65.68356117121637 
-108.79619345124745 
-63.60627014700172 
-67.8887538630008 
-84.67532133867118 
-66.22636748068153 
-66.01121070846493 
-105.26462131564197 
-58.14981495703373 
-18.19457022746855 
-73.52832473482565 
-64.08110173519073 
-51.387646903483116 
-53.52161689279466 
-64.31455908237945 
-100.14498663244679 
-72.93914937243045 
-50.66633718627115 
-51.4456072267157 
-44.401453126835975 
-62.90314579975468 
-84.71405782215278 
-96.19617540823167 
-49.96062985510459 
-74.07328138665703 
139.1827907792315 
-52.28028563136501 
-67.40029139536485 
-94.69586654757137 
-46.65396237794465 
-64.45274289680688 
-70.48804257912592 
-61.75256986588509 
-65.3128422710957 
-65.95385624918464 
-57.44892457098525 
-62.360779142916996 
-73.07472496470079 
125.12430457199164 
-73.99148820187803 
-65.10451563643633 
-84.02640238892376 
-54.00911369371526 
-54.8376935589331 
-73.06266589721882 
105.02918576158812 
-72.8398335968579 
108.57302938810344 
-76.7872222504214 
-68.30534034338228 
-82.204923984785 
-24.98784259034972 
-85.46249863125034 
-47.33742375900668 
-74.66108753997372 
122.07017928363081 
-61.53946873861319 
-50.498523696654246 
-78.72533688872423 
-76.11470409530816 
-72.23584657443014 
-76.03570809973236 
-64.88288518087829 
-58.602151248850596 
-59.27435186428886 
-70.40713440265147 
139.8349657114504 
-80.12228642083804 
-49.92183150817168 
162.85282644447372 
-55.94197529472379 
-88.60960978985369 
-63.928977127806284 
-49.08008091947375 
-94.32356177009463 
-71.27069561440636 
-89.7061392335254 
-88.36948666012016 
-75.997496090701 
-71.74915706621663 
-70.15718177383543 
-90.93716493765882 
-59.6895295058645 
-77.22340033506194 
-63.87797102280642 
-92.74853745597171 
-76.46706603286054 
-78.17854825820422 
-78.24011537700633 
-84.26171124960048 
-82.6422839866197 
-55.52019605111374 
-84.3495700734846 
-102.40811162235275 
-91.8925852322933 
-58.0338145169168 
-92.90220656399507 
-72.75902154152152 
-68.56894912913 
-91.96374116626801 
-69.98852846855252 
-85.94015793104285 
-86.92952351748507 
-82.07088733894217 
-69.94255567594026 
-99.73376645274205 
-56.40925656087579 
-62.781561287026015 
-64.64750123910196 
-81.42842286606763 
-77.63931223648457 
-51.39243437790855 
-60.76312523230892 
-50.534172203391634 
-83.79059070972352 
-78.07775274603205 
-61.77949586470519 
-82.31245304727645 
-87.21048559213254 
-86.22585358396266 
-64.46272276479769 
-72.94715999867785 
-31.006647962399114 
-76.0196067210872 
-71.74658529110879 
-71.75498591758863 
-59.30845222565744 
-56.41400634170692 
-59.175929688003 
-88.31393673491743 
-81.53164534992835 
-94.56444633994217 
-84.32540449935424 
-82.22219047896478 
-68.06517654447369 
-66.8509662529422 
-52.27853541449069 
-57.56223638702372 
-71.28520435839798 
-75.831044093539 
-59.63211685431461 
-58.57792204046716 
-66.74982257365411 
-63.041022246344625 
-56.205626141205144 
-71.90933067009826 
-74.23860513713856 
-73.04668824895532 
-66.93213671473752 
-62.355726886042966 
-79.66960554720471 
-64.23457999330589 
-62.651559032439295 
-70.35474522864068 
-52.808889919422256 
-46.430645605972195 
-69.56019444379663 
-56.15309197656063 
-78.67701759269168 
-72.94706033463689 
-66.36011266794105 
-61.77469663456306 
-55.32892027931575 
-101.47293406548175 
-90.93895404323207 
169.2440852231138 
172.45273028467486 
-69.76064644482496 
-69.23220229095763 
-60.02757992708711 
-43.684981066901955 
-67.50008688246011 
-77.60504474472432 
-73.43652908646894 
-61.11039381807359 
-70.28575803403855 
-40.19189992688733 
-57.37205050410018 
-72.91031089480745 
-60.618281093009905 
-66.87476514049835 
-65.04609454124463 
-49.49031413364916 
-41.70802813439707 
107.98507164239527 
-62.59972000662071 
-44.58497312557198 
-76.60501389668282 
-78.91756282251755 
139.72371680850486 
-55.49028143996183 
-69.81379694862555 
-74.18115148139357 
-88.06108983172142 
-83.90926088358792 
-71.16214128249497 
-70.60232638365969 
-75.52847608381352 
-108.7669531979568 
-76.07444180786071 
-91.90014243101075 
-105.366302349959 
-73.98992438699933 
-79.79893898981746 
-68.62248860795683 
-39.40364399446457 
-100.29874026027161 
-84.98855238303197 
-77.89421375926048 
-60.36973334845308 
-74.95680367211304 
-74.28011721625171 
-77.11412262808567 
-73.21806494724868 
-87.73342000907901 
-60.531794309903525 
-112.62652674507035 
-57.91458845211195 
-68.08150192748367 
-78.22559516503765 
-89.1421728929761 
-176.4324594824826 
-84.22292011027942 
-85.54307334127903 
-83.4292336723709 
-79.74859293799835 
-76.02280466609663 
-100.78247109580485 
-66.02658331536675 
-47.343796008945944 
-68.13004246617439 
-62.94782100799802 
-93.38034321887157 
-64.93558964783827 
-66.33300320865114 
-84.40878373428926 
-87.82049056142822 
-69.98303224306513 
-70.22784024455899 
-91.96048600111837 
-65.42131616929424 
-73.97808996006297 
-75.23064949569142 
-69.80395144182755 
-65.90652806319154 
-77.39354800942614 
-57.30120317485825 
-55.92194231414881 
-82.35955425917429 
-77.23290025749837 
-72.0281249140306 
-72.73026219411503 
-105.27190265667001 
-45.126291089431746 
-71.26418036317989 
-76.28993352735793 
-82.32469150674434 
-51.56805535014752 
-72.89648340748035 
-74.39363286704527 
-70.95180999166196 
-66.7443195251904 
-71.65117707586234 
-70.63198120578075 
-82.81066771775053 
-52.038954571589265 
123.97220606854532 
-83.23966960475704 
-89.04736671056303 
-83.39721688959104 
-76.81746612418355 
-66.74998697757297 
-87.97783670450924 
-75.10236343537917 
-103.26282651298686 
-83.62760648845085 
-112.9163105363969 
94.87629607374791 
-77.66911010287326 
114.53490146458914 
-61.117031236410696 
-51.35927045503652 
-48.37802634244871 
-81.32369603402488 
-71.49428441092839 
-70.3200498481476 
-70.44784111666378 
-71.47577939314266 
-68.45509457074684 
-53.289563165289984 
-71.6581324420109 
-63.16610114051728 
-64.84529104965883 
-65.39357155269285 
-88.39059080135175 
-59.63356966184262 
-54.850168966525466 
-82.97268213349464 
-68.67364068823612 
91.07294640776942 
-68.3753620237301 
79.6791317588064 
-48.23810443092528 
99.17609207800567 
-55.13807192873462 
-97.71026762353358 
78.54581318305682 
92.38863191067543 
-62.513267526233605 
-58.4567050316955 
-65.36992458061471 
-65.6441179281621 
-66.94361242727119 
-82.0326261077397 
74.68985294637409 
-94.31183719758077 
-83.90056841973774 
-78.77755746655906 
159.9323523829901 
137.4806030902641 
85.02295263906562 
-83.15650940754688 
-41.45686869605902 
148.07793139214837 
-87.05961323123854 
-66.00732533161845 
-75.85008542896448 
97.12004267016242 
-84.19746390321922 
98.50416358727453 
92.26790209367245 
115.99717577253499 
-91.23369324136243 
-74.49129368712023 
-82.19615009888564 
-64.68380018746365 
-74.81135969802385 
-75.06463423782927 
-64.88428854443768 
-68.83321273290689 
-77.9021835561292 
-76.55482221415531 
-77.11949324993172 
-84.08326145170574 
145.59543439811048 
-87.29389542719215 
-79.36389490117341 
-68.56445181407118 
-81.66812428215935 
-73.78364585533389 
-127.93500356075728 
-58.23192278665848 
-79.89060594669473 
-64.2053080770807 
-70.97599230506195 
-33.34868602327737 
-67.31939934871886 
112.4222176193024 
-74.510621771813 
-79.29759640112883 
58.680206110079276 
-59.062505736593444 
-56.03594287885908 
120.07977193080177 
-75.67717190413609 
-97.47367143126151 
-42.94098082957294 
-66.40179166731251 
-68.6870279995216 
158.75096089743548 
-64.86394684519183 
88.11141225838665 
-66.05281558013542 
-97.29809005078158 
107.67932141002854 
101.89726555756553 
-79.47534293931079 
-60.87235667243933 
-110.81663724460148 
-50.54461999186987 
-64.93911555579302 
-74.81431764444345 
-78.149498897422 
85.70144281162395 
-78.1242504966162 
-71.09070840526734 
-51.249096785309455 
84.7193844461681 
-53.665875240092184 
-47.17657623195151 
95.42016032988893 
-62.76806481305694 
-69.36743949680339 
95.09986665683688 
-34.51356220737741 
142.0350688952233 
-52.23930608025424 
126.8195110204852 
-43.87196524229927 
-64.45985448032572 
-60.74145229546655 
146.87808830156203 
-88.82955704089983 
-85.7775938994516 
-70.128358149465 
-67.49523753004193 
-74.85129528479618 
92.10821542139907 
-80.00309096787795 
-74.23842702883576 
80.31565675831492 
-57.05488636735685 
-62.11005958979396 
-66.29143315720134 
-83.12890466501307 
69.46682979353726 
-32.41558873807551 
147.52056526958867 
-88.75373432274675 
-59.32373378710572 
-90.27638373040541 
-62.42111126996239 
-59.8045795794356 
98.98165715265729 
-97.44768327678378 
-55.159142341174515 
-73.84073031939542 
-61.78809121841291 
-74.36430368937266 
-74.44970517985728 
83.0664296627129 
-82.11323371290584 
-86.71866145836259 
144.572581467284 
-56.04343780796123 
-66.75601705840502 
92.79896164948806 
139.66469974569276 
86.11235549214403 
-66.91042213255467 
-50.84027047328053 
135.9365146942337 
-81.14773930999155 
85.62136440736546 
-70.4612703487165 
-50.34237557540095 
-42.30912505639258 
-20.35217250209279 
98.36726575594793 
-53.81317333516492 
-72.53938486475732 
-54.75773184810223 
-67.51145973915054 
-70.30563951952713 
-58.209236308895925 
-38.10793445850167 
-47.19826339186408 
-60.700783762446875 
-71.1867911959736 
-78.99273668498924 
-32.510707733154106 
-46.5092104163664 
-98.58258149000304 
-84.82013242502796 
50.42949753447465 
110.71083331454962 
-74.27525328030501 
-95.66505291092102 
-83.99877060978298 
121.07256408011847 
-62.10110358998977 
-72.36540359774975 
-70.71999530353733 
-86.60945333052027 
-48.93870542074397 
-93.53394879366463 
-105.49391631074094 
-109.72925615239288 
132.07830433557993 
-75.85641003682927 
138.49362106218683 
-80.35978587306413 
-65.67113301676984 
-57.808140582221476 
109.09126246582018 
-58.372182397313374 
-91.61296981395554 
94.95855305008214 
126.58952176768611 
123.38361691007825 
-76.86082564849505 
-76.34431898438471 
-56.59408818549365 
-37.14681796805718 
-77.24513867266809 
-71.14109199609376 
-75.47480455221003 
-53.23712077953364 
-63.059807007597186 
-29.700997452598646 
-68.85651453690889 
-55.527246525722816 
-73.03221779865143 
-55.613023702042156 
-64.09486173338638 
-105.31150810189953 
-58.727282856508744 
-70.08703036739347 
-81.08974176362906 
-61.23686391410504 
-101.98064681098174 
-75.58430391730037 
-84.25402033061224 
-79.4669280501219 
-69.88893792952494 
-74.35011835755391 
-80.54038372837121 
-44.87307658780836 
-46.43771945271355 
-61.185067789163206 
-65.2131037777363 
-77.077521924655 
-81.39039913159382 
-90.44762295827765 
-73.1420326720746 
-75.35648810045193 
-69.0858508607365 
-65.06567767363843 
-70.35226410068401 
-72.96814820968451 
-83.51233929759235 
-89.454398595142 
-55.40036668835002 
85.609241371819 
108.16164411899072 
-82.40045534553315 
-55.19614318990781 
101.70695535957496 
-82.34136887489946 
-78.54553304650037 
-57.02409891108353 
-83.9873681560348 
