-126.37222675356152 
153.74764652648315 
138.00621442913405 
99.99776900800518 
-70.64229010658798 
-54.18647966215651 
-97.99691404316516 
145.14345356201397 
-60.300646942778215 
143.86327279966852 
-133.4427845739958 
165.63742761860502 
101.79384045514365 
-30.094195948788062 
85.08689149011613 
-70.2412584675625 
132.91191191587671 
141.07506974241457 
-77.58938324866607 
145.4073667451011 
153.8925923463188 
-79.16931749623613 
-65.11384420099994 
83.568483832251 
108.26832778475031 
-73.3724034037008 
107.09295781640009 
-55.25018147978646 
109.94619576969211 
-71.83368998548396 
137.88278473435318 
144.53056924915344 
113.81469806943281 
-85.30757683675229 
58.70908966611184 
-90.98199257108023 
123.3669357539659 
-27.701359537385425 
152.6618319409711 
149.9727078486067 
138.56975579854202 
-30.07727826100718 
-74.71048513281973 
178.68239809009808 
-79.4726386943517 
61.065172611699325 
-72.29528230753787 
146.0637465204279 
-50.70764897877868 
159.6549815522873 
-66.49731454583657 
-31.795216475614705 
152.8148652606288 
-72.17826060986316 
152.3030794706356 
-71.5394199305977 
-55.19992399323387 
-75.85287363889356 
-54.027384646305364 
-83.0610291536041 
168.29480032027297 
-164.08585319171166 
163.31074761609585 
173.94499774319002 
140.18319008417583 
151.15690642346593 
77.24720026279611 
173.4060004054813 
-113.68335989857889 
169.07988674778193 
-32.67238864177254 
-73.1399340670165 
-44.74352347082582 
-59.23105062733718 
142.13011828229804 
-89.18059223185831 
-66.76070125796166 
-63.21847630542705 
133.13820202323902 
-56.02225216694628 
152.2970353899915 
-72.48011083649402 
-53.677624066683094 
-63.16743238587273 
-64.13174224924782 
-51.72960171122325 
-70.98501900645576 
-63.28072320404358 
-98.6193300549157 
-74.68949610908123 
-45.87449407244201 
-34.6700111970064 
-45.86399980302092 
-60.642987943852624 
-24.628819510369848 
-76.63521348439954 
-47.61106538286004 
-83.03072472153767 
-69.58546090175489 
-91.14521269880593 
-53.74120201570156 
-59.81498684507432 
-55.10657439636246 
-47.662238183146364 
142.48116056559974 
-44.558395343389655 
-42.296666996759775 
-82.86519075632721 
140.62868420536265 
132.74299820935212 
-66.20864650619822 
-38.35133866651381 
-35.49165842676454 
-51.08163669355961 
-143.48149703855603 
-83.18325724162248 
-26.680942699724866 
-75.644661165852 
-25.99310272336695 
-113.12412457580722 
-53.35357803444019 
-75.01209802868524 
-30.484925109407165 
-54.89179583073254 
-55.10916244430566 
-60.25768116107839 
-66.15056892301554 
-54.56118726754046 
-46.02440838845446 
-55.90761476238044 
-77.31828286305412 
-86.68852080137778 
-50.103339392209485 
-78.76483227948223 
179.19032245630868 
-55.761321150948525 
-50.98500120624487 
-63.032059331133915 
-68.81101324951777 
-67.64276516891746 
-43.22443138691822 
-71.41485215868627 
-54.62543986650347 
-41.62040105943107 
171.05601494440842 
-47.264065365593865 
-79.92722064682837 
-68.83645111101255 
153.30021909321366 
-59.23720669754369 
-93.10750756498561 
-62.938614974743416 
-7.871299519183998 
-95.09323143780307 
143.81010305868662 
75.82205601716929 
158.4044115065231 
-70.01949549357536 
139.74713188189054 
-65.28598547237434 
169.75865957562974 
138.23740623529798 
112.36704751318673 
-70.869851299454 
-40.67964758176877 
88.77104303953847 
-48.436157183471174 
-85.76541243416085 
-67.77553876390434 
114.197325017597 
144.03353028029804 
67.54033775703986 
-49.430442361652 
145.81745910746594 
153.25291902715537 
-91.62961208545538 
123.21367967779346 
170.77300815677216 
139.48901801361094 
-59.78482475229863 
-177.620438629271 
-73.61199983009284 
140.04765232745223 
94.97310328898517 
-57.86927194539302 
-82.06430928112302 
149.0694436918644 
-73.18429424403257 
-68.21789571882384 
157.4495647570519 
145.09576898488868 
-62.70465388925103 
-50.80582676791514 
-58.98084904531567 
-63.50596176621368 
-40.81261133341935 
-70.1987898127571 
-53.215357779034086 
153.38395814344298 
-97.61688666806167 
-38.32667709252476 
-35.300700022289604 
-75.61566588035043 
-45.82978805555259 
-75.01227027767334 
-92.28539509262211 
-50.758710545855244 
-85.31375723417882 
-57.02577326279937 
-111.18559991145564 
-110.33209010812833 
-83.3862321015916 
-66.7758070775785 
-38.11172131939306 
-38.01620261376906 
-56.17113893556088 
-88.69864572939956 
-79.50636654757011 
-32.672848245691355 
-80.2675918437231 
-56.18775497232806 
-68.42188677589984 
-14.024094068800318 
-69.19503112889697 
-52.88868049832924 
-47.05101776942022 
-50.564106554380146 
92.02438221287721 
-70.82527842338129 
-63.67627282810179 
-45.75697948316315 
-37.53965004640521 
-40.00778911356031 
-73.67839783102106 
-33.20079505381706 
39.466149014702786 
-111.91995100222708 
30.055779300078694 
81.74158633707742 
-69.98174965385341 
-66.33776660775258 
-67.46185104372354 
-18.53581180844343 
-64.3207021412747 
-67.85164585453154 
-42.55890446202989 
-33.98394393528693 
129.52541842754397 
103.93000773825831 
150.955936665533 
104.5186314490754 
-30.88168178704304 
-80.52443891443505 
-48.61905944760403 
-138.69899748028135 
-32.21024833287776 
-33.55009974410617 
-57.722782743148805 
128.32694629394723 
-49.87599544580853 
144.77848967779963 
-46.8653214107007 
113.3728532953822 
46.3082675224939 
91.21505027681887 
-70.77145838652825 
30.271235217249934 
-58.355726172057565 
-57.46769379257031 
-98.39662442627126 
-45.057600457639076 
28.278958854900836 
167.0118691949549 
-21.886836263601133 
-51.152851060115154 
-80.71006158810003 
151.64372866233353 
106.79432227003215 
-73.92744394497018 
-95.17060059379955 
150.21795119393275 
-34.13865116361579 
153.64062291152015 
-61.53769690694466 
-73.60969799268734 
-61.47750744988743 
-37.17503321400771 
166.25826113101976 
-42.24850293741977 
-11.040374559231847 
-60.091627795835755 
-49.2061513525496 
-39.61698297692626 
-50.618302054156764 
-117.29007470561625 
-89.81029933477859 
-62.34096158899669 
-47.26930804814399 
-37.43598422532456 
-75.92574703204257 
-81.12276146226021 
-43.797325055621464 
-85.44721135077492 
-44.765432826180735 
-67.2887562410522 
-12.383091274126784 
-46.36745048306938 
158.76773903632736 
-57.853282422436706 
172.96235333188807 
52.37958006694185 
-83.55348867609952 
-60.03065190308587 
102.05074131077762 
-61.14399111716598 
-45.50346729635293 
-34.11409280922619 
-59.44033780947321 
-79.08763185308474 
-18.26060222947221 
-71.50814545642717 
151.2265674974676 
-62.65798848300551 
158.5118168554208 
92.25008063731326 
-48.260220343655895 
-31.675186199707092 
-72.67938393713202 
-17.2361435623057 
-46.980083302897604 
139.75765691452443 
-46.06290614285867 
170.48234140705102 
-67.52429342797139 
-66.23561313135241 
79.86573788281308 
-75.88560362883472 
-65.36457873342201 
-20.56363514262677 
100.84420818193165 
134.64825571891592 
109.86850998644094 
96.18813925696526 
-74.61048895128464 
-64.15570640631014 
-56.201562724549795 
156.01134547740017 
138.8501573434785 
-65.4026662569938 
-27.182381758364258 
148.8126723127458 
-50.34769747705331 
-66.69986770204729 
138.3833282490683 
164.289365812108 
-42.79853918095115 
-36.79788337995415 
-58.353673554486555 
-54.07731145606195 
-59.10250670944259 
-51.95903757722354 
-113.29552836247102 
-123.39319765801436 
142.5614563736419 
-54.65029368575621 
-34.266689708810155 
-74.97478970701776 
-66.70123311936703 
-36.70968185225076 
176.7024637761287 
153.1469948953911 
-50.00972270461809 
160.03122936958013 
-66.29780905773933 
158.94929135824745 
-69.01155811926138 
137.13561911448588 
128.6824722851098 
118.74222056956546 
-33.38049483094465 
-50.70035083885934 
82.66763579215905 
173.0060704595353 
-64.82821607296792 
-32.45429060954698 
-89.07781295202028 
-57.048095486072086 
-84.19838664762766 
-71.49027107454108 
125.7364026758033 
-64.9606934423974 
-73.05238720933848 
-67.82852804025373 
-62.46607410149321 
-58.056314858638174 
-64.01131471125342 
-56.45148492145441 
-37.54809130405437 
157.2694803329946 
-69.49808715365447 
-66.13859537206697 
-58.050373654567 
-65.411422389228 
-71.32616792718493 
-24.1069318403047 
-51.70545319128743 
-172.4828102372146 
-69.72953043165849 
-77.37281891785062 
-70.34170605941055 
-70.38933326285924 
-43.370163939289974 
90.95360719988584 
-84.5171972991116 
-62.51594357379407 
-63.098039103549254 
141.62041803512867 
-157.3537611676326 
-62.59900588987623 
154.43433801041272 
142.18461400566272 
-66.40238456217982 
130.83124746404152 
-66.16233587450266 
-73.96057568564531 
-72.43037864316665 
-51.706527328121695 
-68.8095834837713 
-70.88434681323285 
-74.46949679494709 
128.3102031173247 
-49.025754386476244 
-147.59587881637333 
-75.1684706693514 
-71.70792047500868 
-86.13616552042532 
-79.63136404752552 
-89.79118837175808 
-32.029574676841904 
-50.020786462646164 
-29.75657993418766 
59.90887075995471 
-77.09834881317099 
-56.282449094046775 
-78.44711628179019 
-67.44579055877712 
-58.285102032235365 
-64.6338536806484 
-79.62449897717264 
-58.22400293493791 
-59.77140222914191 
-85.98525141334693 
-54.90370110257327 
-93.3367531378005 
-68.13480894414647 
-51.51986032989008 
45.944679483681064 
-82.27524627638323 
-46.902796233338655 
-71.37236633422567 
-51.758409475481976 
-71.7297167057531 
-34.25373170735465 
-58.13979977784493 
-28.87758774518156 
-90.55486605920512 
-87.87245107090038 
-47.12500279216584 
-85.84683560166289 
-47.6433668185418 
-34.31365513626041 
-68.74892204067872 
-76.7873779636765 
-85.40101734459155 
-45.42718336596489 
-46.53908495557349 
-68.84990773077793 
-70.8466720724177 
-64.56502406479945 
-57.74190803040358 
97.63392458661163 
-53.71148544952665 
-71.24799457678418 
-72.43351483374141 
-67.87392996463342 
-61.08785232981288 
-47.70319318494121 
-56.25694745157524 
-51.68723443456574 
-42.07611914684287 
-72.87648223043638 
-76.63530322008381 
-76.09091847781767 
-78.02723596680974 
-67.46900438180782 
-56.39061969363547 
-45.056021259718136 
-89.44198244026234 
-53.91043109971933 
-78.60376646842387 
167.72977386990863 
-34.76604018082039 
145.02089913827527 
-79.73337457275353 
-71.88751897543098 
-42.55637051835833 
-100.21941579977423 
-38.25682283885002 
-85.76805964635085 
-50.546610536070695 
-54.99201025104798 
-76.39918445747884 
-90.80121873096559 
-51.258726514714716 
-67.05695989360626 
-62.60981121446852 
-37.435944365725 
-59.9336777666426 
-52.24095150038092 
-97.64126880555177 
-46.9657654912877 
-84.32995584649848 
165.80629004887322 
145.82962831843304 
-51.73331440540431 
-72.5985435215347 
144.4706354444861 
131.67942206322476 
-41.42532472532073 
167.24041329425114 
141.95747937633354 
-66.06204045614732 
-42.446270602994545 
-52.475134156190144 
34.70551576370736 
-66.16991942852214 
115.92211615228018 
-16.370457737477995 
-44.84279751864082 
134.81554702334185 
-7.110202187892517 
-33.425627760944685 
-37.927230730721746 
-64.59584146809868 
-73.7742613040309 
-68.64124099393676 
-72.00127957328466 
-101.84778297824032 
-121.92509299929998 
-49.70611425289124 
-31.583588286954374 
-54.356931221541714 
-10.821608972500627 
-53.56249793474845 
170.80859247127222 
-59.912221748278775 
-58.43450157567643 
-72.38814214120937 
-74.398027923818 
-13.562231919245681 
-13.050430994978726 
-67.12773892777216 
-69.60022331212764 
119.69708639261249 
10.976145776734397 
-52.65231515201529 
-85.0193514815626 
-72.58425373351042 
-64.81011363979064 
-57.83735267518751 
-71.14464850184058 
178.53428900461682 
-57.475112329481036 
136.81651532574134 
132.38643308741797 
-57.65088443406118 
-61.1675358217678 
-88.6692545226602 
-48.28603095348952 
-81.66984994398572 
22.542899626852137 
105.15302115865566 
131.1569640277568 
-54.42725666601157 
-58.614071865333266 
115.08968661177845 
95.62316801264713 
-55.745218527250366 
-91.11989426943998 
-87.05166035318857 
-70.89205043265308 
-21.071708189699915 
-73.90265646635466 
-74.29927771099355 
-53.25116914530328 
108.34914203215614 
-91.94598377286192 
-58.67955911977015 
-63.29835871136569 
116.81631392502796 
-86.86305074493961 
152.4539668362489 
-55.57710175573048 
173.37033044679478 
174.6751114298592 
-70.64872570264549 
-55.81446453244204 
-41.64050250224133 
170.94517312672934 
-72.01744289488474 
-74.21992979517205 
159.3797412717647 
-1.7543355750759095 
-176.20500755850105 
-58.00471813361889 
-48.66929343609694 
-50.73580692152094 
-77.46638550123825 
-46.40062270363883 
-61.88622643624145 
131.09682491540283 
125.12833150947995 
-54.05031647885992 
-48.296442143049866 
-76.73742513440918 
-63.24242742228994 
-77.49945425579504 
-59.53544437327557 
-65.24515706456008 
-86.56900556076263 
-57.73545233786828 
-73.70042260907974 
-61.37972730352262 
-67.8334179733678 
-25.72510786258655 
-56.04395587210172 
-81.84982083802397 
-45.52494615561044 
-68.03602408525926 
-65.81897231309408 
-70.67573153204239 
-76.68187382981017 
-52.98304029945291 
159.7048672152022 
-58.57478333944765 
-74.89752863786742 
135.61619028355844 
-81.20310757956479 
-100.0496599317756 
-56.737687442175115 
152.0779617437991 
-56.82255276825379 
-48.99811952284998 
-80.69449903342846 
-59.209447201945906 
-59.42468128691246 
-72.89580907749718 
144.3136451238801 
-63.3583282957457 
154.19664858401543 
-61.29968662437994 
-45.029930967607456 
109.46112836443025 
-44.59034900628802 
-67.02544796742279 
-58.433796626836084 
-60.16926377072171 
-38.34166135644803 
-62.07278457261804 
-59.23586093394882 
-35.872472076689746 
-25.04544855449584 
-90.54442473602577 
137.6317373081121 
88.3978884327264 
-80.31931822546645 
-62.06377775137502 
-77.7594654476928 
-79.9556477620823 
-46.8255879595025 
-16.04442456180111 
-53.79986272559487 
-58.23983837222649 
173.09213183599869 
150.68696498514592 
7.703788412630674 
-75.75925019162376 
-67.38959020003973 
-49.93343334622834 
138.69485635696924 
-78.40929539339274 
151.696326752317 
2.2363004141183054 
-74.27271339750817 
-66.73768051704324 
153.5967124738882 
-40.49001196794325 
-53.480376983521204 
91.23934215134064 
108.42374810455276 
-40.57866120458991 
144.0733601226982 
-90.22873322276553 
176.0153159218921 
-58.60517751528839 
-26.18298475278174 
-42.97880706634751 
-47.981895281231964 
-78.53220612164915 
63.922456223759134 
-53.72439360324665 
-73.94733629900428 
-58.74721838298478 
-51.22237840805301 
132.85688253324764 
82.1339191709398 
-46.39925416221851 
-68.85408739614778 
-59.153714648728005 
-73.144989557291 
-40.72269564481863 
174.59528956095784 
-81.18207823166063 
-73.90905085099287 
-74.9687041365624 
171.55043747184712 
-55.28172721488743 
88.46324077904323 
144.70807542506012 
123.68179249262383 
-62.8964081707321 
-54.955971516910424 
-65.18901386146156 
-71.59595649967355 
122.8362003594566 
-49.28561903450397 
-63.21873066543769 
-54.21037976881704 
-74.07843655355236 
-65.11456160781867 
-69.73221875004836 
123.96925250415929 
117.35165337768245 
-64.9063042591666 
-104.10649895282458 
-27.301970053147507 
143.7545618774547 
-27.767494833349055 
149.3585643754769 
-32.36095194915397 
-91.30193406920192 
-35.109264275320356 
-38.33923320090533 
142.30998869765065 
-24.257273170168244 
147.60401838173584 
-60.344091281017306 
143.44683769429196 
-72.8539195683769 
100.33853216090381 
-30.41329541956556 
176.48667983885196 
138.18382303389865 
171.14726778674185 
-53.74216308922575 
74.54033781263819 
159.15187976341824 
81.74345751703605 
15.886773558936252 
70.98816961086781 
137.5286010002878 
160.7169662208603 
107.5510375912369 
153.6545949628957 
151.07215281115762 
144.02589246894559 
153.16708970900405 
168.19589289681605 
-76.33471646345636 
143.043298594546 
135.8829554167141 
141.783373012341 
-26.164384578943995 
163.66351306912122 
-36.48435129900941 
-71.35119686359045 
-104.96041139849093 
-81.7616795900095 
-51.69760673666315 
-81.83444883782683 
-108.3915082785268 
-90.01081331557006 
-68.5276610141765 
-65.0194302225904 
-10.811438112632276 
-74.54815786938822 
-60.693106287832535 
-79.57770639311578 
-56.33772179483988 
-5.54908956653425 
-74.6300921878277 
145.05279877588458 
-71.90984629986008 
-79.62246565669915 
-77.53690062628696 
-66.21752242831361 
103.27424320201357 
-21.283582612293625 
159.6739829289915 
164.25411584413385 
70.45318192266329 
-81.36679913676528 
-48.205689517049045 
-48.08054124713769 
-57.56273376391022 
-101.31812187178275 
154.45305555787485 
-99.88640776581974 
-54.35288475741173 
-44.49562228488604 
-55.81491115394343 
-32.02626133074726 
-63.364783078963754 
-52.6779934795752 
-67.59536090128067 
-66.4098252515915 
-66.00379369870211 
-62.471853406922676 
126.98010550663699 
-68.11640231143814 
-31.66929793843582 
-18.113279941085914 
-50.749894982791304 
-69.29779058864364 
-72.9691870607849 
-59.679570137743674 
-76.65196019955862 
-79.52398230543969 
-53.73289001059702 
-69.96691673280989 
-34.98174809512615 
-66.40745678901816 
-24.205894727803624 
-49.36115821847698 
-97.22181020797042 
-65.30191675397808 
-55.82005561392501 
-31.16421580810993 
-85.07276355571739 
-58.447775087812296 
-10.367658927583163 
-65.68701051743442 
-62.87289263845122 
177.4697335262476 
-38.592244909630985 
-34.362930475281175 
170.18898273352252 
-166.81144362823085 
-80.63186081258961 
-27.1668068272953 
-80.0089471688745 
-46.912132603491685 
-45.89701311467902 
163.99577317975806 
169.70767279665722 
160.41044548312337 
-154.97396045592916 
113.0230295295311 
-72.1200598922178 
-59.04544858625262 
-10.482480220238639 
-95.63043765460283 
-80.45080513316267 
-46.83509225327021 
104.59459857212177 
111.28960874901111 
-66.64500954797444 
-51.94311514622612 
-49.25919401697787 
174.97502471197046 
-36.82049012249903 
-82.61665160273787 
-86.82318227920308 
-65.00452296372596 
126.2258970489598 
95.40646171128283 
-81.28516061800246 
-53.230514348504094 
178.03744976733068 
-58.9100479641354 
-61.64396910724357 
-46.44784881584823 
-11.775920884745725 
-46.88671372512184 
-51.11131165444217 
165.4613954400502 
-53.740506265748955 
-40.204225361547266 
-78.90593937717212 
-94.90978929405743 
-54.45524576929981 
-40.1810047160959 
-57.57665982635248 
118.32360841265499 
-49.24299470451102 
-47.7964852424831 
-57.47677463363152 
-43.372314339975446 
-76.249179150493 
161.6047544156271 
-57.166329372315246 
-55.11285197423791 
-87.59991994171382 
-47.124048439473086 
-65.02841303112798 
-21.019140034064833 
-68.61040510315098 
-32.104614524525886 
-84.4979771608402 
-70.40634022897615 
-85.72034307931676 
-83.17096157174363 
-87.95050647060613 
-21.47498725678975 
-86.94471096491353 
-37.43681817283155 
-64.79831446648663 
-57.98733283907334 
-70.4900451134382 
-60.63336852780805 
-57.90127748761918 
-76.51426235232536 
-77.56816173374418 
87.67671292011724 
-71.93532460370751 
92.34143758269133 
-62.72488870254436 
-66.71260988340757 
-62.23270014209297 
-69.1543167880279 
-84.61399081425219 
-54.79463765851761 
-85.38388280921721 
77.27738513542225 
-68.54105979697437 
137.43162100330767 
-69.63499564332692 
76.29293162018212 
-178.82608801243302 
-69.78073889545973 
-59.941811355090366 
-43.42798778563916 
-47.923220746589294 
76.89399962424905 
-66.71066488184786 
-76.38267471674187 
-85.95335639820131 
-58.84709304982858 
-39.06690818484015 
-66.63886997789885 
-43.36320954730407 
-47.4744376528412 
-89.74867777286883 
-45.583274952768996 
-53.637553251534364 
-51.37259023115542 
-39.38237582976611 
-12.657648717389582 
-49.59470901890553 
-21.6488205386733 
-67.60252642612453 
-81.6756042669752 
-80.34331598748082 
-80.84548278747322 
-63.50252510009024 
-70.79264781294732 
-58.385279166281485 
-50.22723800552725 
-29.892126300305463 
158.2854382744339 
-73.26340175307676 
-43.355174285642825 
-98.4473008292333 
-39.4248245860829 
-54.02947386594693 
-43.96025702031754 
-66.60529480858374 
-62.88331796498578 
-75.56255041251738 
-70.70018467407282 
-80.38424477826442 
-67.9194395173129 
-88.50870229668578 
-48.617568699142836 
-100.18214716984751 
-60.36459016304146 
-90.0454705188506 
-74.4618744120772 
145.62571447811857 
-44.234463236273946 
-56.59988405563165 
-46.811963665622514 
-41.666691155270726 
-76.36905092613087 
154.95620744091067 
-41.25270447544167 
-61.553723733057005 
-41.27367121392295 
-55.68232962621421 
-53.27060151198842 
-84.34695638709844 
-54.53502582121953 
-34.36408616974022 
-60.644107767756815 
-77.84088194567914 
-55.75686574835623 
-80.62077768429995 
-140.10800163531968 
-68.54593748582812 
-65.37211034883872 
-65.76408567818666 
-45.744013140751136 
-70.46692903302578 
-70.66815116465537 
-64.99334171101432 
-34.3947150963968 
-42.70473176287409 
-46.827065339509275 
-61.01162070355502 
-58.82973224349621 
-41.884834927665665 
-60.875494437870266 
-40.41486672324831 
-63.27686393865285 
-81.89720219653327 
-53.31531917662997 
-128.44352225910865 
-41.890658815835096 
-73.56205931491142 
-35.59369021136676 
-51.348226060922485 
-51.290910341378144 
-64.81017371599789 
-49.997576790242725 
-38.33321764136996 
-68.2274190941534 
-36.521648353841286 
-71.90774136792186 
-84.33308468338471 
-65.41018668933792 
-134.43578965285536 
-84.62512003207787 
-97.38906412324536 
-59.99074029012792 
-79.82265220567352 
-69.917201120163 
151.02171102103253 
34.33935390415231 
-69.7996097363614 
-81.35003458785594 
-119.10848360409707 
-111.7072751317037 
-23.78626387528812 
-101.23308784565847 
-88.89809891691984 
-63.463191380682 
-53.091544402373955 
-92.64918920804436 
-63.114191108503135 
-58.38294343554007 
-67.62210761183734 
-33.77450429434354 
-76.68915020775185 
-64.68449900169794 
-64.03098305059763 
-68.67603803562899 
-71.53896752741878 
-66.83462975294316 
-57.73396902556192 
-70.65180314135237 
-75.3332346339308 
-59.98431648533337 
-37.67448734489526 
-79.51211645397044 
-55.33720210747261 
-58.29305899007692 
-103.7123440994156 
-79.32263171113077 
-52.563935585204874 
-73.89246853749056 
-55.546480090323854 
-56.70130182814496 
-16.15428690303841 
-67.15540073781365 
-60.02460987866546 
-49.53234950741339 
-77.8481593963107 
-77.11964746903969 
-21.476954643897148 
176.40982186525193 
-80.32930585918515 
-48.000514427340555 
-15.521254574060345 
-95.18512488180981 
-73.9797808257904 
-64.01357347930022 
-75.38307634181545 
-77.93544720892264 
-66.53472468423794 
-109.41551662289254 
5.871949111938693 
-80.03476800512459 
132.65344748858388 
-50.7391162424956 
-40.47922819762956 
-102.46247605366337 
-53.67376962321678 
-63.86181852227188 
-29.155026543456387 
-37.89979453231652 
146.22018036304863 
-10.484937946031216 
-56.07624502139925 
-76.50598033540939 
-120.04500727114983 
-49.74236113248619 
-43.09380415241184 
-88.51390598054171 
-43.18524246251037 
-69.75977188356634 
-51.12832073896015 
-68.78905675763556 
109.84297612338317 
142.51610901859232 
-38.259757605532165 
167.82334418661713 
115.7687491057785 
-35.70935759539142 
132.7273569018392 
-80.90129051530482 
-79.51966365760518 
-50.874239552618626 
-62.819492789750406 
147.54126918280335 
-85.08116166661002 
-36.08178937396422 
-87.13274441681116 
113.42702765601588 
-163.3175345174645 
-28.44517992138237 
-65.5323666551467 
130.46160025479372 
-51.12080696561303 
-69.0987773801165 
146.3471604975761 
-63.82835832698757 
-65.32118486460753 
-63.662125868927376 
-74.91363805704088 
-52.78120575421298 
-58.929560033891256 
-31.841972657784638 
-87.68955526113557 
135.4664570635215 
84.30964016502942 
-74.9113652761632 
151.02161653939422 
-31.760497287864858 
147.1758811816237 
-57.235951688328946 
-39.93381505242225 
164.39307245112587 
-88.07440136900584 
-72.28662038772063 
86.58977072675094 
112.15015400562237 
-47.6542959618123 
169.3025965418285 
153.4058282238758 
146.3119736373675 
-45.24116195829385 
157.618804741688 
-76.06458541594249 
141.8099306726391 
-86.28994530270225 
164.33538961390985 
133.0405239106467 
-74.57078679925037 
-81.08254159492412 
144.93395072096894 
148.4362401640056 
-80.83748264548238 
-61.580385190338674 
-35.70005497310039 
174.31045806763052 
-35.978550324858084 
-61.10488989475494 
-59.537125921642414 
-32.880650404058954 
13.322107708011142 
-39.93375741276388 
-84.86587064487838 
-35.43192898774282 
-124.83694558004872 
-46.94784230886371 
-4.543969442189143 
-41.88557257388835 
-30.289151605848932 
-65.70008367389244 
169.3577157151428 
-31.694044915429373 
45.12433913499348 
-48.71890145968376 
-53.51868787140368 
156.817381097945 
134.78850535796064 
-9.80895654893285 
144.33197037028148 
137.59269671258184 
-78.96818870138728 
98.54818082490303 
143.31477129925466 
118.95675062111276 
-50.99721873671065 
-66.39663482598401 
-38.3214316140961 
-57.53187991629327 
-99.83607327974799 
-63.26794501174128 
176.07138092818397 
-106.26076876193575 
89.01295273079015 
-30.795092766691866 
171.31742217791034 
-65.87204435859307 
-35.30791009545997 
140.61311384547994 
-177.32162617869125 
-84.02406360025712 
174.3826200619144 
132.51200267475494 
-69.44005079185304 
143.09186461008633 
-75.32555818034157 
-58.186540232323374 
-58.40824183513475 
-60.58605512012516 
-58.92573683504333 
126.0328938454217 
-73.70426327074846 
-3.3537051564216536 
-7.298610497378397 
72.56036442739898 
93.08259883852143 
-9.633386565916974 
108.82506764988743 
164.75436971298504 
-64.42294244760751 
-38.15069961971408 
-86.0713832568058 
-47.668833252876645 
-67.61156255369205 
140.88300621914445 
-79.127999560505 
156.48392183931657 
-75.46898543645075 
-124.88248646137093 
-91.33716417162235 
-49.14285920876752 
-57.54157894895258 
-84.216224956737 
123.94952465897286 
-29.477315647826813 
-70.3049950524861 
-68.2512820692629 
162.84444773062447 
-16.94334337165755 
-154.19776833919488 
-72.41887833452853 
-46.81733230249041 
-58.31844715558042 
-61.03554850873786 
-49.11435004609983 
-50.593641319094466 
-42.884546943709296 
-50.516014372205696 
-46.25551859548829 
115.33452654859012 
-41.185096974379725 
157.41008846619098 
-68.33361524910286 
98.00840805178031 
-0.7970937566706852 
-82.85512299480588 
-37.487585462442595 
82.13969977677293 
-13.775483226906147 
129.48319347670426 
143.58231186516585 
95.54854789582774 
28.497626388994565 
-99.73818413381993 
-81.1798564432736 
-62.645201761761285 
-74.51167153213522 
-106.14618597379793 
-30.394016065744978 
-75.43994163661803 
-33.34385927734975 
-38.708963577979354 
165.49718862879672 
-47.80711260950547 
-105.96759679171231 
-91.55266002270206 
-39.97842514457759 
-53.12423350036795 
-26.71073435245164 
5.636746015095245 
-37.214181022260256 
-64.94418581198268 
-25.149762980526404 
-42.76047636049198 
-42.29079777827518 
-16.181118086723256 
-36.147178837513636 
-83.26586638663206 
-93.35827655752433 
-45.29349802928966 
-54.167604458385185 
-37.691704407412466 
-76.14056860184166 
-38.41564266990882 
-95.50247735337005 
-64.18277827532393 
-69.21787208015061 
-49.25497671786977 
-84.0802920119354 
-61.76640898358178 
-66.99602447873706 
-117.86631759844046 
-42.92452535874369 
-78.74678396454809 
-97.97621598986896 
99.35213576766814 
-30.12536436079754 
-85.78871167310538 
-51.188482505674735 
-93.18370925411763 
132.37755486757803 
115.86982199695217 
-51.1786379257881 
96.99600657691018 
107.07592416094224 
-48.66691517080285 
-27.73233254744059 
-54.33939557514649 
-42.50507872663533 
-80.70214151907481 
-13.587780755523598 
-63.098866714277264 
-66.76037030339079 
-78.30997803960683 
-51.89030528377827 
-47.30609778339767 
-70.77999870393872 
-87.79010938458596 
-59.748780437382536 
-51.963649030143884 
-84.99713905690344 
-65.34718797250218 
-70.59182940242292 
-71.01348043893479 
-20.911824855741536 
-65.0454146507145 
-61.321508602183805 
-48.02418587303865 
-64.36966200379973 
-66.50867958697879 
-62.110339563129514 
-105.78667510223488 
175.73330358706863 
-83.87584834327356 
-45.946030476671105 
-52.442748835640124 
157.47917193338054 
-63.91186191951728 
-69.27980526887106 
174.75437554820724 
-87.05186998667382 
-155.87699951827918 
-88.46843744108577 
-70.31635247605186 
-95.71161298127605 
154.7600886575696 
-76.58261812605926 
-91.39181579849595 
165.46356418023674 
-72.07536462186826 
-63.438661752119295 
-70.25716524301922 
149.88773420800146 
134.73678893286626 
-83.45448000807049 
-87.98820268082693 
-75.19221596793598 
137.93200428149666 
-78.06123974182056 
93.03893071095533 
-76.15870246799498 
-76.201836665551 
88.74594490119968 
-50.21753449291663 
-66.80607249748552 
-69.30035501822668 
-53.388040674312265 
143.82371791456927 
-11.901156526159559 
-50.95052822073331 
-60.761008278603974 
-76.7043162700447 
113.56132497502496 
-71.82878334657339 
97.8006368082378 
-178.6546749593998 
-43.8723177871565 
-67.19645247742869 
-35.98525770562868 
-117.19386258167485 
-96.53048075581275 
-33.075968753457786 
-69.59054328663274 
-71.77226116406928 
-56.39907725364274 
99.00284204690469 
-43.954100546266424 
35.943827892351784 
101.58383502991853 
-48.087276844355245 
-63.84012763974934 
-69.22188966473762 
-31.49883443315559 
-87.41922277336333 
-31.777965074849014 
-91.84537335385353 
-65.39476715515667 
-66.41075434679834 
-15.148530034443125 
-52.76578165929522 
-29.05883212359178 
-83.48226710125383 
-73.92043161744839 
-65.00653099006526 
-67.92689360324134 
-68.79177065277403 
-67.33809241072954 
-38.974325459929254 
-42.69896358014718 
-40.83625659394637 
-45.96582150989512 
-36.414253061747054 
-74.73897898668113 
-55.574736499159 
-65.62963361246231 
-46.043315310096716 
-71.90239995439109 
-74.96321851249903 
-89.62887467503289 
156.90135332964368 
156.5110091754483 
-59.56703360217827 
51.124016023357434 
-68.17299087473403 
-20.17260274176562 
19.668488050224333 
-68.53514564880626 
-71.41157141589072 
-86.30520434900441 
-77.820603174128 
111.03178842828915 
-53.72478800290648 
175.32343604722146 
-73.52164595337162 
-69.21935664840362 
-72.53125633491746 
-41.50548069313373 
-34.95800113141185 
-58.15225713021438 
-50.09938702103887 
-54.20028665346998 
-67.00186477115125 
-40.638746889169475 
50.90111541505443 
-66.2413096334273 
-71.80060789382001 
-65.24669996941144 
15.77698168823944 
-70.25003752613135 
-24.826905207894324 
-12.370000249342903 
-70.55257318155762 
-75.09025284709249 
-69.0497645734928 
-28.327078245753906 
-54.69884953096071 
68.05053184754289 
178.341110837382 
-87.14102860624126 
30.203761448261915 
-78.69869053085172 
-56.04932251188548 
-69.63411081899902 
-102.31585990121938 
-65.6503193546385 
-59.20396342250075 
-68.84742340772013 
-36.34585548418925 
-56.680115454581035 
-32.43491511765568 
-66.91067682118432 
-99.4730865802027 
-167.53841902829376 
-117.34563542477038 
154.82894079636174 
152.89396460172594 
173.31205740784446 
-59.769582089633474 
-69.45790492172449 
102.70882436844394 
-77.30471506009665 
5.220402572722627 
-32.66314306873902 
-13.077179893341746 
136.48063032080717 
-33.4672326676868 
114.2404213585924 
112.29759065377638 
-88.79100268239958 
-40.119138512852224 
154.6996316977187 
-104.9118344299904 
-71.58565182722593 
158.17025169340988 
144.6352169759685 
171.55187172286543 
157.26500731846457 
-21.602317664962612 
-76.87781079554782 
116.51857818920092 
-30.32302898743314 
136.853762787339 
-177.18581441477855 
169.3583858951951 
162.14083378655437 
131.87256731725074 
-64.83019594089694 
-66.7587895933026 
-68.62457421149551 
178.6520723342404 
-68.04197548014554 
75.22215633804622 
111.95827129097579 
170.64566369711278 
-53.21278032730119 
133.01956324775992 
113.45425331992827 
90.03768485758756 
-21.769061890849756 
-70.96315233232949 
104.73334351681953 
93.41102355304835 
100.92721096215155 
-27.116588356768656 
59.259704941633814 
148.0066189552552 
-140.8310501875219 
-47.103741317855594 
-71.11341325882552 
-45.69825300492989 
-176.24233923415912 
86.7308964423848 
136.3696065090314 
-63.28692895990263 
-56.62210335855424 
75.02899406536321 
82.98715749004793 
106.53088379562644 
-40.367682311167265 
-55.78491465757765 
-71.31867280303433 
-64.92835824713408 
91.98223845086348 
-66.984385113612 
-144.49692704363412 
-86.37012312708951 
-97.33777924786227 
145.10060975132131 
-56.668610215205874 
125.99801485052885 
-86.48900378690948 
-55.93959235091452 
-54.963968570368316 
-77.70087816092631 
145.48804098010606 
118.63170515348624 
-54.89402284781322 
-59.287220277805105 
-58.572677081411356 
-85.2982703944041 
-49.620267382293164 
-101.59200735373784 
-119.99171380105508 
-80.29989079850485 
-67.133972226842 
-70.1882749634125 
167.41027878015294 
-83.15897811078422 
-56.31305308078752 
-30.839164806651254 
-81.60393759515145 
-74.08034980567943 
128.29940601366056 
-62.41979499339654 
-78.93887030742907 
-44.74416057714514 
-66.79365757432086 
81.9642421704931 
-106.44225159323756 
-62.91560670964111 
80.47085352989168 
-48.13292522882524 
148.8921274476023 
-111.02473681032565 
175.5882130220641 
155.25835046876784 
-62.61351340390033 
-68.63392553712079 
-43.508133516801394 
136.5980622554128 
-61.901719068486614 
164.9351517674676 
-73.2231524190782 
170.09697171983993 
-84.10005370881449 
138.22686281771584 
-66.44836712978174 
-40.05733901450523 
-170.18107011714784 
105.13076599264845 
-65.15041138619637 
-63.67748262187984 
-22.983850468836657 
-28.978850351688052 
-70.95627847981274 
124.67649447651094 
-51.22518096174987 
131.61918467363463 
58.96944373516646 
-86.15901488425253 
-103.14285813385966 
-57.062598168098724 
-90.99619494098951 
-71.24714724235719 
-62.18053005898585 
-67.4802647111141 
-37.62105254048338 
-38.636628019299906 
-93.89782849363175 
-45.36091844347816 
-65.42327888695013 
-31.524318018026555 
-77.83798530838602 
-64.7067160320514 
-42.39200597136257 
-71.00978286184697 
-26.7216985381854 
-30.9561649835843 
-96.26489614792233 
-60.35354980114309 
76.58200822718766 
-55.92091623810847 
-78.4938636734987 
-70.9013317911969 
-45.68753629565012 
-63.13569688807941 
-39.6537436688447 
-26.722776245626296 
-72.42164000612783 
-85.50020924285583 
-53.864874882974775 
-47.25510184602503 
-23.48453015918132 
-51.73542751151218 
-25.606035719528595 
-43.298923532476316 
-66.70505798551116 
173.40540200742177 
153.2742892420803 
-93.3097695701106 
93.2436612099653 
159.8053350801415 
-26.04060840084252 
-20.446503674550478 
-68.35954314555178 
-47.454205132114865 
-73.03937521017842 
128.56995200998026 
-60.368433140855224 
-39.78539998120826 
-158.53380384531712 
-45.82099904163808 
-71.988242212487 
-55.64804597373851 
176.57852261419546 
-64.4726550748642 
-65.60904870983649 
-73.70219427293287 
166.580812554197 
107.51183560384585 
-147.6932196677677 
-47.78009703800077 
-162.29975791401205 
-56.21133912904083 
-24.68823280414525 
-30.781693366947064 
-54.31659979938463 
-49.483176824269556 
-56.92084376433527 
-71.35750819275736 
60.39278467098329 
-94.74778112387564 
-33.084752894850254 
93.28340307111264 
95.0492631111069 
61.011410194178204 
83.0851008385553 
-65.74663817996608 
-59.60137882486763 
-47.88810799005265 
-96.46584314529132 
-75.69943480913355 
177.59068838195378 
-161.6808842535083 
-112.83064803055478 
-70.33728891958286 
-89.63507271150986 
158.08695468069408 
-70.82695223997354 
-65.32340228335232 
-72.29841787893336 
-60.31155788130965 
-70.0881226718194 
-106.0086976962257 
-71.9586235918217 
-38.3469016043947 
-77.18880159225763 
-177.76904455906615 
175.6091163345602 
-63.30986808653888 
-86.39268400376203 
-47.44944502711203 
144.45715753994844 
-131.82470760324617 
-166.18808381212384 
-57.113768748275426 
-53.25814633399396 
-59.29095034613916 
-52.852513681053765 
-82.16311453432631 
-45.8231320329619 
-53.49645998077431 
-66.67693735906394 
138.59109602791102 
-26.074156626870217 
-64.5835631845337 
157.60904528315925 
-34.39674916138197 
-73.60195866327118 
-73.02685781507526 
-68.97410421470107 
-57.21323063905166 
-97.86976701739786 
-47.651268499903615 
-19.256721159251537 
-51.314222055994854 
-54.26352778961657 
-58.9795192238888 
168.11811174418077 
-151.0072411549895 
-76.83544270865535 
-59.61934957986522 
-76.60922080065035 
-59.506329493067206 
83.47413035797517 
-66.22283692028779 
50.42563882620782 
-49.72585868655794 
-122.31246569618362 
-75.78189874204136 
-101.6479334536842 
-2.4358049313452868 
-33.318895128779786 
-55.34987222482482 
-86.00356261325288 
170.78501619475955 
-173.1592522225307 
-76.7285522930857 
-59.910387084450846 
-49.834941662774234 
-115.7971465445978 
-34.694061309801235 
-38.29524590560438 
-53.023995437681755 
-81.8021019772432 
100.31879066073054 
-58.74189822361645 
-40.759008050555146 
-68.66389693445166 
161.98874509282328 
-48.620992489573986 
-80.41271841423192 
-77.77892709124448 
-66.4847732846207 
163.49462922833115 
-69.61453642165385 
-30.064249531727345 
-38.0615057423039 
-37.22253982352486 
-86.09200978947688 
-54.94972316679861 
-63.01701081567703 
-61.07439673219853 
-79.42785219195535 
-60.82325425530847 
-44.193178917895594 
178.93483555846305 
-92.54085191363002 
-69.53492172108044 
163.61905675863946 
-60.73896304192702 
-34.15609431357046 
-162.2122823297622 
4.6804545989744515 
-64.51472992987291 
-63.244959754127336 
-22.025652517073986 
-51.34984412009648 
-50.80341032722799 
-58.34067719959482 
-79.8287670378181 
-44.51143667565656 
-38.26183490648744 
-51.004594718427214 
-39.213569405282875 
139.3193559747618 
-87.432305616103 
-51.535059329358404 
118.11171731497237 
149.18714760248145 
-53.04260716849668 
-53.223090326201735 
-56.20821339733291 
-84.88069506048303 
-72.9723398267293 
-50.25752518745538 
-89.94607719469863 
-71.57629168050495 
164.32308101851092 
-86.00295954993193 
133.49579136899402 
-73.12801619182055 
-89.33653157001024 
-70.10976329095875 
-103.5313438476774 
173.45651385889204 
-57.08194358883076 
52.22181996882223 
-44.888951453270906 
-44.40040476491821 
-36.11050102333627 
-74.41741495000902 
-70.00586926957642 
-73.07841821432744 
144.01487134846525 
-80.84984715309263 
125.5471067027489 
64.29266721794737 
-173.21800179936966 
-54.47017479939245 
135.80073079414402 
-129.44019065393877 
-34.24050555902133 
-176.6585952258748 
143.9530268347811 
-100.4658816091493 
-59.20725181110279 
-80.42747434153377 
-81.91696575711173 
-85.50038025547286 
-41.43378604048426 
-98.63222496122883 
-60.06808313862192 
-14.689587490044383 
112.31979274772794 
-5.534966858147809 
-70.84678590607324 
144.52722908013757 
-147.32456793985529 
137.50335831406576 
-178.8764090279703 
-75.03908234173562 
140.4378833183012 
-57.86578023326807 
-80.85100923145839 
-41.43810686438976 
-55.80730118838561 
62.0073585408693 
-69.39733611909371 
-84.39889585661264 
-77.09726007319881 
159.88384175499766 
-46.651315918492664 
160.15263013629777 
146.3017870610107 
-29.212176508478063 
-98.00821169246204 
-84.15895892768437 
175.65621227441912 
-76.27287615303398 
-57.806129777386474 
-83.85311262378576 
-84.82964644913311 
-60.63801510959808 
-48.13898770649936 
-69.94119868054106 
-90.35612772214719 
-43.13144154008073 
45.23419352413569 
-58.03059976733302 
-58.86566636669582 
-52.74692222448816 
-81.2760103108516 
-76.21257016934882 
-48.49937550104651 
127.81307212484023 
133.2192767128288 
-46.61576080486059 
-71.14148849327277 
-60.216542131666856 
-61.70420152853475 
-62.27675794299535 
-64.77365691996205 
-48.71922640938794 
-69.61373255152337 
-64.97131959658678 
-66.30248648431306 
-75.07996929958074 
-79.02630989935876 
-60.92881404642495 
-77.37715819851698 
-70.40218104717286 
-52.78915043489617 
-39.93175842237886 
-97.23336364978373 
-56.120934840433016 
-46.18065801283754 
-49.341061783885486 
-54.064358558848 
-59.26774829989275 
154.41576017245293 
-26.374956530010518 
-47.48095892069471 
-178.73061904605444 
-82.0691018169996 
-62.00353979040785 
-13.313626160156055 
-25.890629704618938 
-54.602003232021985 
-57.82871989628804 
-60.26323874521987 
-14.353947450652056 
3.4184097858396005 
-72.61164399915995 
-75.50576939080572 
-81.5113474814159 
-77.67167101908763 
-43.61976667144211 
-39.643909556163514 
-32.40668924434492 
-62.848537818640516 
-63.877445186652565 
-87.67007238860734 
165.70901596109508 
-65.49380194120145 
-26.94565843131701 
-32.597007489797 
-56.85978075314467 
-87.13715865688403 
-57.85895093511083 
-56.13229835253807 
-71.1056274349936 
-41.17411401569026 
-57.19541618263408 
-48.94753032428717 
-37.11083314041444 
-23.17006050878667 
-54.1161174876574 
145.1394726017292 
-45.105697098638444 
-5.2150351490316265 
-95.62554591009737 
-80.18712836560591 
-68.11875438742801 
-33.862210184838254 
-28.107737551782613 
-63.38075923562333 
170.75145363130858 
-72.8175111161496 
160.28976094645714 
169.74181862697984 
-87.55671050445814 
158.35509074846266 
-68.10292904124664 
-92.01393586711889 
-14.910968672920115 
-66.63314017851614 
135.06956393161272 
-20.800593149223115 
156.9566303898337 
-78.7294174886033 
-53.76840388312223 
-95.0582835973702 
-51.890101792784 
-81.1989438325638 
-38.672168758749926 
-102.28217230332699 
-64.65351192204214 
-98.17804164265348 
-34.662070832174784 
-58.85582054684456 
-111.34374441332076 
-73.33208968616661 
-79.85565164262708 
-67.49236676072924 
-76.5918234889841 
-69.96145179730688 
161.25538891134678 
36.50613354572691 
-87.32039568366802 
0.3099953691757826 
-55.06094178731686 
-30.49537801767188 
-82.22309547889824 
-55.26011527036511 
-85.00350352640089 
-55.294013433363986 
-74.44305321072162 
-58.64077456537863 
-67.5362251345798 
-74.37886023402385 
-70.71995352182793 
-85.14199989151426 
-47.346192121939694 
167.54690427509965 
-1.0903069305648327 
-74.81050410669674 
-71.83783080632709 
-62.167292573631286 
-64.73416143844054 
-68.61377581499161 
-62.3469511915229 
-72.20849415563981 
162.3103665447224 
-51.68966077099663 
-63.85170100861005 
-43.97602240767151 
-79.43157591988287 
-72.54007878149567 
-52.31088795378522 
-86.09204961961544 
172.8377403850362 
-68.22754644271372 
-66.75785710772557 
-94.41031533404819 
-65.8390559362907 
-31.97921468459197 
-71.81498779552108 
-29.141180242129415 
-50.41695538737196 
-84.83880200416206 
-41.76915440567288 
-3.4501000507799566 
-48.226984061514486 
-62.523444472805274 
-64.85140630527559 
-63.1842270000179 
-69.03853206092182 
153.35127839700658 
-57.36332030045547 
-70.00954615486549 
0.10835464480005533 
-55.19912006313933 
-64.7601002834765 
-96.71038245750023 
-68.89046071020896 
-94.61983555300286 
-53.966120967469564 
-79.51971878837308 
-80.6669912904917 
-116.30446654062246 
-72.25128117118966 
-59.832382260594684 
-2.0142836017297774 
-36.043674971796385 
-52.98541564616664 
-76.41867342109408 
-38.7339908649148 
-62.239931553227414 
-52.66297080395841 
-61.50614341842937 
-76.72178634013278 
-62.750490847566205 
-116.01954459198345 
-18.30196854253992 
-76.89891353217722 
-19.970352400672827 
-20.852989588125684 
-56.880083769455446 
-64.14117355674723 
-46.575846866268016 
-106.87904656987827 
-33.804240211938385 
-64.32312331030352 
173.1080671865229 
-44.7852860605278 
-44.78670207037738 
-55.26088517747931 
-59.15200522263753 
-73.75211919432164 
-67.5590543646526 
-61.25407597858365 
-84.40858448785174 
-55.378066306285476 
169.28567444338597 
143.98784225450777 
138.94362838161155 
-71.11576638992985 
148.19436546453483 
147.6602697885915 
166.33370338221334 
-54.05293818764237 
-55.326374211164044 
-72.62155669285696 
178.14761379804418 
-86.07502581830806 
-65.30923726436288 
-25.17066528841239 
-68.3200175424475 
-71.96911111524518 
-74.42361549275911 
127.863813206539 
-70.39461893043928 
147.44226661410713 
-66.74681352810659 
162.46689343957536 
-84.6850807542495 
-80.03886471121714 
-79.59462709832448 
-72.42453422298723 
-52.65983892163894 
-85.84353498058643 
-66.69571430826883 
-73.55959764247456 
-82.44995582114977 
-68.67810524328438 
-55.749319689963535 
-69.85415813376541 
-58.69610415039426 
-54.03518303518213 
-40.932189363521275 
-109.33008483195309 
-41.13398158606564 
-23.083039999347328 
-63.055568151759864 
-66.11733505304515 
-85.1044409933817 
-77.47938747800266 
-87.36985690577988 
-86.40727746751209 
-69.96084717702105 
-45.72923892344282 
-56.382011690712254 
-81.11959090507287 
-82.12752785191773 
-30.29477741801008 
-66.685368418078 
-64.93611924940312 
-46.7094106248893 
-41.30463039349179 
-70.90807667326798 
-80.94077006593972 
-30.727939297360106 
-66.83131660266962 
-80.93010161886177 
-76.5749479205069 
-80.77795521847749 
-81.07212398892 
-14.489565062309836 
-59.713282514841744 
-67.29226339946045 
132.9661726788105 
-50.16393698383339 
-66.54823860768667 
-64.65450830125076 
-82.22043864026026 
-106.91469410828738 
-39.54631131594944 
-59.97950902655098 
-28.693599792819775 
-51.13301507734812 
-35.632047130370836 
-50.751464011527915 
-64.49828698397062 
-82.92479621864827 
-74.43986315641214 
-65.3735970831972 
-67.07680618093477 
-68.34849372085789 
-53.119840697677866 
-54.65697371851729 
-66.08678795095867 
-90.31883038427507 
-65.03201027389147 
106.98306885292911 
-92.34373902586421 
-70.6332259378649 
-43.92980382196143 
-72.71259061477294 
-73.63154483346645 
-71.97424671516768 
-64.19381065262765 
-60.28718959604742 
-66.51368107638814 
-74.12081751719316 
-76.41617618866795 
-82.34372508747768 
-93.04971767600513 
9.834764607600006 
-73.42817319096851 
-4.990858745101459 
-48.08058103323009 
-58.97599599727533 
125.18480278130014 
-67.44597909868382 
98.55092051260664 
-56.220756393749554 
-15.354603371331995 
-47.737739806281844 
-59.720709246441125 
-68.325758235669 
-63.92818531572106 
-63.09061015010573 
-77.59360678605013 
-13.20434496674752 
-23.82737811545825 
-53.43981233237355 
-67.90201126540934 
163.40792279007724 
28.172164092188382 
-42.71903936623714 
-52.61201222568621 
-58.818716362158405 
-70.80294083446617 
152.99688513772261 
-64.89221239339872 
-42.99344233941204 
-40.144354836733946 
-81.6688459308775 
-74.06043152322184 
-57.54708956859496 
-59.58329073316204 
153.39011259721434 
128.07176346493773 
112.50047620375189 
-34.43698632540149 
-56.839305104127895 
75.68662651851801 
106.2409653658246 
-112.81445785807662 
-87.16215414809258 
-59.57896110460496 
-76.56423549973506 
-175.10900146542625 
-41.10162529003138 
-124.95489122187732 
-66.54241414539871 
74.99276066243497 
-77.05613776162943 
-111.19167120236422 
161.70413314051203 
-58.54023649780485 
-57.67028305196398 
-96.29250733266129 
-63.54645372091579 
-52.48551955897757 
79.66509071593126 
98.94407122725872 
177.80344458824217 
-75.23993537688074 
154.26339582955356 
-117.28530963299042 
148.75394435028562 
-73.39101446237618 
-59.15173657905159 
91.8933258491946 
-63.02290344454647 
-89.67806219083472 
-41.61238000113076 
162.93525466475035 
158.1579678774359 
-71.81187452561936 
86.16565460933137 
-67.93997545430146 
140.8999891902399 
-12.88173586290697 
-68.44066892163357 
168.07360902480818 
-80.66653373906902 
-85.52807668572063 
141.3043380064977 
-80.75324257192965 
-49.05926098282547 
149.20101208305778 
-86.88528386198341 
169.35026944593488 
151.21749151984167 
-55.486318195352695 
-52.07161784680625 
154.84162136768677 
-66.98396971624956 
-15.318807511016006 
-62.678104897491366 
-55.64932365614618 
83.36429468336928 
155.3020962858941 
-81.58850239344719 
141.64952095610298 
177.13152456855227 
-47.072230973062226 
-60.293142940765286 
-63.307727181273755 
-53.483869670261214 
-74.12251230200935 
72.87361384362919 
-55.19034851037568 
-72.12314999703473 
-44.76431800206583 
154.5964381701529 
131.55377554865123 
66.04410064083794 
-67.23244166311319 
143.8053932626352 
-81.43293239443399 
154.0641655219483 
-61.46259913123269 
-78.831464327241 
107.44944718929862 
141.1365990323795 
-85.7835611263776 
-55.74080963724613 
-30.731152958603783 
163.2790143898131 
142.0732695598508 
-66.4400168331294 
-86.6609933257565 
-55.37316372784361 
-52.340518858353256 
-37.8507056447455 
34.40547886066908 
-33.38528803423558 
128.9789662050582 
-81.64225424199118 
-54.759006389085926 
-110.42635383885677 
140.94426608177295 
96.88230893389078 
-84.10681028981837 
-36.88196238705534 
-32.591622319416494 
-67.00672162998735 
-29.149020907784596 
155.85727675492586 
-70.4739976929934 
-40.17131184828155 
-62.985455663518586 
-86.49602499998629 
117.24972640657774 
127.66521307832123 
-47.35782055131795 
-57.3353969050436 
-54.304915818287135 
95.40872388122439 
-14.317328618066593 
-43.673522632906234 
149.18147137473414 
116.02845168840163 
-51.99576619671436 
-55.1498697487045 
-40.08162111715099 
142.44043297721524 
131.3752422929871 
123.01849406952569 
145.70064043067595 
15.389752125246922 
-66.23920794784823 
-34.74455344560406 
-64.70106765570205 
-55.03538077696126 
-61.10364994376178 
-26.61114586218857 
-12.610879814069582 
-162.04474445983274 
173.31049974892395 
135.65795432836978 
160.24069653773736 
-64.59983851124242 
-51.600430423875586 
-175.13839089094492 
-79.52931682225491 
-80.49470220422033 
-46.707062131332584 
7.515482293371003 
-58.97417387415467 
-58.41564281308317 
-63.78342425491828 
-80.80362935610827 
-78.48806161843228 
-58.12734842532822 
-82.49091844766333 
-58.27017318425746 
-41.276271109332995 
-97.99499353814888 
145.696599968549 
-53.332241015663506 
-58.429798978726794 
-61.73329219484536 
85.88177545852632 
-67.06977360527044 
-31.916509325312138 
-2.805508021513362 
-34.97989289587418 
-75.09855032234631 
-41.81376049419992 
-82.03348003866193 
-36.44930779863686 
-74.72026182888952 
-5.057492596182409 
-36.67813973494614 
-49.81064232798698 
-51.45237950429485 
-70.50059558227437 
-80.33315821437735 
-103.48096676145093 
-41.097795728863055 
-65.00528045042195 
-60.258890390834516 
-70.09879659669421 
-44.51160776959495 
-49.8302706291452 
-117.15989565036199 
-68.00875696928756 
-21.27648836014207 
-76.44829037077929 
-51.9702536567358 
-70.00155035265807 
171.1033995116569 
-58.299324806444865 
-44.62387331056957 
-99.08696381575342 
-122.79926149837594 
-72.15419946077503 
-72.07871027773592 
-58.37697779560245 
-71.3324068202881 
-88.7608070406982 
-70.39555157784864 
-66.84226400417292 
-79.45203369938494 
-61.7140042826632 
-59.6882048022786 
-62.393600245930756 
-82.06304648360857 
-51.53129090123512 
-80.40140500498747 
-97.72356901326748 
167.67695601869477 
-47.76506125785046 
-44.723306117298876 
77.29186573248883 
-31.270210653646796 
126.62641835868936 
