166.4066651780094 
169.54764913219472 
165.49258126649733 
-177.60049466430368 
-170.9777648723738 
172.77819294545557 
-161.71094463594414 
-159.99044934183615 
-178.78219176698798 
175.08851974570035 
-172.81590146001926 
169.27768251357105 
175.52667592227075 
171.3306946046851 
-171.64894705486236 
-169.57346247358544 
-171.0693459584668 
178.43082251542037 
179.4077172275254 
165.37214762724497 
153.74741399665845 
8.580777906449125 
-150.37476260608358 
169.51153137372066 
171.5926678102399 
179.3742167291281 
-169.8035484994637 
179.12645380976866 
179.10199758326794 
-6.855675618977351 
-10.1111765839817 
-177.01163301934488 
-173.1200485090154 
177.41660018028875 
157.18972923310503 
175.89425047772633 
-177.99113966209794 
-151.4118598760553 
-171.85657853501496 
173.23016457627614 
160.99989170173288 
-169.53644060735806 
171.6612852987351 
-174.3179403239983 
-179.4827672968667 
179.76758417562772 
-169.85949511736325 
177.67590548317258 
172.1006263898773 
168.38032426018745 
163.686821392204 
175.98498225817593 
-11.63329520800614 
153.12633662026954 
-170.74871174812063 
175.90753660719415 
175.84550044723142 
169.9645805855656 
-178.83808381148665 
-179.59689828933008 
-173.13307850402418 
-9.203030425360947 
-167.31617249816262 
-173.6263711618511 
171.75924835616922 
170.17473825907902 
-175.51640133296758 
-172.9099602784895 
-177.92727023757723 
169.11477788521947 
177.10409267828067 
-174.2223422630109 
-174.12115893139656 
-169.73666383143805 
-158.18121870438722 
174.18010305260785 
179.81796688848027 
-23.937712806849824 
175.71826607589603 
173.88251204635304 
162.36100636825307 
-21.36983653336732 
170.61727247135374 
-168.57620576389732 
15.974640888694394 
176.9599575814475 
-168.4869283244663 
-178.16123355537036 
-12.878021388490604 
-33.018170965104034 
-8.013339008846568 
2.7162639755498934 
-0.9996722698776018 
-2.9487211011606407 
-15.581943430734665 
-164.73143638977297 
174.77574831456639 
-1.6423666823362852 
13.494977004290188 
-6.234723565656266 
2.5311761607951815 
-7.466091459700198 
-1.885731768852525 
2.858451717110074 
6.825543775579791 
178.75216922604318 
-16.521873536242467 
-25.05186850296089 
-2.383100066333153 
176.52061975399116 
2.2129944961472385 
14.266257058373593 
-9.837551434867665 
-168.60178399106763 
167.1096807097794 
167.0639107822429 
-6.303199139561247 
-177.69274360492352 
-13.618938442580628 
-164.43314910394392 
-177.95847720346936 
177.3875457481293 
0.39200305898198895 
173.4812815961164 
-9.663271731011339 
162.06155200293776 
-9.083924531677503 
-170.69246085786602 
160.1780520953441 
-1.518871008920153 
173.0237195638149 
170.42951290392364 
-11.21900083889689 
-18.826025524131968 
161.40192087306406 
-172.54198959055736 
0.29776542086177055 
-178.17235623127706 
18.262978496947987 
-5.125649573765459 
175.97293180105282 
173.17928589113794 
175.47520422508737 
179.54081102861804 
-2.326049206435285 
-171.37030165286274 
-4.706992663524367 
177.5276789647381 
13.6177513570931 
-167.94430276528306 
-26.789572932963004 
-177.52671040562086 
162.85127829792955 
-172.45666997162323 
9.966853573071573 
175.95141065942798 
177.52276456929357 
168.04371658305976 
-29.590126367327837 
-6.823240992536208 
176.2598980459432 
-11.871634789429113 
179.46015091414034 
-169.12563413251593 
168.16619487391088 
172.06914964638642 
-178.9963631209139 
158.55056102542235 
175.08320123770102 
178.97597303153125 
4.632236826565664 
167.54847671876692 
172.7471505293588 
-178.31676457907187 
-173.20142188211065 
179.55205953109055 
-179.33305350969198 
3.4789464715216245 
10.83486721628766 
172.56150374624175 
14.081696629890395 
156.1608124530842 
-10.099612657529198 
-4.516778524209595 
5.468068831203213 
0.3431791902628811 
-4.3228974868411285 
-3.40237737171682 
-169.5473946045016 
4.491921137595261 
169.1323272132494 
-21.416147844952647 
-169.0495715843516 
170.9606202288147 
-165.9931878418003 
-169.6860481044886 
179.12076241206674 
176.90394316496193 
-177.50456274978916 
172.47375123499603 
-177.65056179427964 
-14.33064480512776 
-178.43669410302888 
-8.070113193670174 
179.0513602794736 
168.381984456291 
-178.198652792737 
-173.22833308033316 
-172.92718522349566 
-171.89467841518083 
-0.3517688071893465 
-6.398058677736685 
-12.254556790601576 
16.70253785207081 
-174.06577130446485 
-174.52852760115508 
-4.655213207720162 
-12.492505538150745 
-175.10405931925726 
-166.854338871369 
-7.525505165799061 
-20.39039166137154 
17.32659461090614 
-5.786403636327313 
167.61374390685415 
4.324104441545828 
-4.991537826478238 
10.000142434676002 
-6.517484613954102 
175.27791805278656 
-178.07493496992086 
-175.58447234107857 
175.7653475691843 
169.5015054329485 
27.778627793534525 
-8.915076740412031 
-174.83916098600403 
-0.43527260911114823 
-0.15444073168271677 
166.73958770944708 
17.19026502811107 
179.55583331675663 
23.01831042874072 
11.14131618332775 
-173.21550372363 
168.9986714909531 
-28.569875093991406 
-7.4528576633130665 
8.488969568436541 
20.677549739249507 
-177.410207351723 
-15.104085760288372 
1.488749676842469 
5.279726841868768 
10.169114663772296 
-165.52768681039325 
13.715904471958403 
-175.0627247849692 
170.31981222495216 
-8.951826520063692 
-1.6408100784854167 
-10.376492352936566 
-29.63873762634173 
-9.526705940703998 
-173.86883820535678 
-11.933405924191177 
13.828121874056054 
-2.9143084732222686 
-13.987107585949001 
5.81425114568346 
174.8385041959345 
-158.53186761475357 
179.12392669674108 
165.20021392539275 
-179.4933964687049 
175.9540132727178 
177.37090146524426 
173.33304252067742 
177.04783577407588 
-179.17742271801268 
-171.70429862470502 
179.02294923869675 
165.41077050081344 
1.4771622097332755 
-179.63632910466163 
6.409689016139834 
-8.856136378254103 
-178.5112928522739 
-10.661216285783606 
13.007467794261755 
-4.556304726236588 
174.26525912460176 
175.8465288478298 
3.737441990868553 
-175.35652294644635 
-4.415978395727496 
-179.56609203260896 
178.13295721476806 
-5.7227741823379095 
-157.55539448980826 
-21.17456177097861 
-172.19411611985996 
179.06286046378162 
168.11547383686414 
8.40478367531639 
-7.989960138923677 
4.229316385960622 
6.002292220193318 
2.04613895308005 
160.54963003904012 
-5.464335743996498 
-16.65230995915226 
-13.815877546223502 
-176.2738889967409 
175.20690980140685 
-11.579499333993184 
4.771482444927856 
-2.349460434863432 
165.63929130554052 
169.83741573619508 
179.22523695128527 
-163.48253397452856 
162.20025541040897 
173.3254946634898 
158.70666393640175 
170.50985554119916 
172.3071404794333 
-170.51591554783425 
-176.0309937223415 
-13.389831140505576 
179.88191637640125 
166.73237653172714 
-174.3326442909422 
1.7289440640943534 
-4.826823762663898 
7.893266224489034 
2.373246516131185 
-0.7022447180436691 
1.4399164033703484 
1.0769630369084766 
-171.3702118762485 
179.61638799330552 
-174.3347038563113 
-10.948779192842022 
-2.459449329832444 
161.04357091965386 
167.85585304085328 
171.19240643015223 
5.946461719685868 
-18.255875354285596 
-20.580799386845342 
-171.5287608402276 
178.1390195136578 
-171.31468164566795 
174.72843988991602 
-21.40360203793333 
-7.113793826587725 
169.78075548939646 
176.7638686266575 
-2.8660633555453026 
-6.7465062471470425 
167.64758737805417 
-25.947080110482766 
-174.13334510749385 
-7.173428343041171 
-0.1729659326460032 
2.1842113368969356 
172.8617965403825 
-8.387396861226096 
168.999930414727 
176.94904080076176 
178.07881644442088 
179.12350876230332 
179.27793269240868 
177.88945703678675 
174.08517470633353 
179.04660552950313 
-2.127581214126043 
-169.40574686263946 
-1.9962013025078678 
169.57046321370845 
173.01408038065554 
178.38190362463976 
-175.5307899455029 
-178.431187874344 
-171.76320764350714 
-14.079700181763332 
-7.499650360970931 
172.90906474951936 
-158.55498157426243 
12.887305115564558 
164.24913964041977 
-177.31511730606812 
-11.155882421585202 
-17.075205353660937 
-3.3623665063995443 
-178.2194732654357 
-169.81649736045952 
176.77088018931275 
176.23757105532778 
-170.1019498125977 
166.2904534010369 
-13.040786528263371 
-172.92602813283222 
-2.161104697896268 
-167.3205047952322 
-15.693818771015403 
7.360556390724757 
162.44535565358115 
174.69738633068403 
-174.74743304383918 
153.52610402329566 
-179.2420708064297 
-9.433584451038984 
176.87893662202507 
-164.9342200757728 
176.91544617238597 
-167.75933447498403 
159.18070622747976 
8.229972826739235 
-177.8619664747105 
3.6438778413745054 
-177.02674439857788 
-5.364075470113005 
0.24135768085207154 
164.03269958872252 
174.6329467705246 
4.17694806137183 
172.705497143819 
171.18513420082215 
-1.9146470392247197 
174.8288962223583 
-174.87347657103004 
170.42328403546702 
169.01182450534577 
173.70493346165597 
-17.326201348995678 
174.12355972996136 
172.72785626505873 
-20.73857246887082 
-167.37381078346573 
170.75855699908394 
3.409199599094301 
-176.95252405325758 
175.52666839552558 
-174.39539328964455 
9.500534862241453 
-5.236836403774005 
4.347031874770091 
-4.5615145050020525 
-12.355388892366996 
4.510864085747614 
-25.161380226750353 
-19.552903384596988 
-3.3339442037372216 
9.769646247350334 
1.2017977038605265 
-178.64562511638735 
-178.1055835683396 
7.682317153271069 
176.34113545740317 
-8.03604467395137 
-8.6420398810796 
-24.921603404672293 
-14.689447501178 
-13.935400810547291 
-166.7178067620673 
9.887178220629735 
176.25923096422488 
-8.474486366588776 
5.028427235197198 
-6.4880257936457415 
-10.029752088548353 
-18.363544066743405 
-1.1253569979407916 
10.420035214243125 
-11.378526238502099 
15.052081806629365 
-22.144063796788096 
-179.50248313637198 
4.483528599951627 
-13.448911927221209 
1.2921855310984027 
11.044745755866483 
15.017797849336592 
-4.026224948079117 
178.17034702473316 
172.25620110986924 
-176.76341430021952 
-14.621018648221938 
12.899963406322701 
-17.51175122904517 
-5.666810120711077 
-7.442260463352815 
-172.44074180543578 
-15.950759455559844 
179.73173256441396 
-14.42638620163044 
1.273563393545902 
7.968287206807534 
23.3335811268544 
0.09333377068037167 
10.744218730022647 
-3.3645480052877645 
3.7813030562498895 
-168.0285354136788 
165.2724372561682 
172.9045919722418 
-11.490450446420503 
-9.811384583307019 
-24.879092361417303 
-16.506734161579843 
177.4553599256 
7.812864940800806 
-176.68132419342638 
17.753444767566613 
-3.2682331208127633 
171.93374636145649 
-11.486103153514051 
-168.91352407090477 
176.05291731799994 
-169.01997001934475 
-23.82857093499691 
176.04308326692734 
170.69372498638458 
-171.93513149254053 
176.95612801461854 
-18.66230693281936 
1.0906751450920678 
-171.54123271426607 
177.89596681424078 
-23.28900702182444 
178.1946054058517 
-177.70566978886418 
174.6057440280198 
14.345474568092076 
-6.362758488182809 
167.53735888027688 
-162.5912762531705 
174.07129533243898 
-27.41895763731179 
168.2934302909176 
4.687951323368054 
-17.17849850330484 
24.062671040969942 
-3.1931173773242327 
-166.0713966615277 
-27.423174784478373 
-179.95797027850693 
-174.705142828891 
171.6402430167067 
-11.736434595550147 
-4.258599015710854 
10.986067556386553 
-7.556809702341478 
-175.99475949909143 
167.46987612988497 
174.33477413634532 
-0.4251625005180173 
179.75372673431878 
-173.4852616312113 
-177.72374377323604 
-11.696076316542374 
8.363365979793883 
-8.091939715727802 
-10.209471578352481 
172.5263041627981 
-168.82736843110607 
-8.713808437575368 
2.545837551440213 
-14.054095298793127 
10.104436181150817 
-171.0998325177394 
-175.0871094785298 
-4.404290136961446 
168.61616306229323 
0.47120793821085094 
-12.744370782762713 
-175.97826316220267 
6.420967541146862 
-18.39558362924802 
-176.5348309871594 
171.12879432406598 
179.7842703273222 
14.01003778141825 
167.20851124509193 
173.52907495792238 
-1.783621214380598 
173.77459614093613 
173.11859875935312 
176.34363616333331 
-179.69855765643524 
9.012246737491765 
-174.17036775072697 
7.806775940472581 
-178.92721584279934 
176.39689053308328 
-6.134656411872019 
166.54294766498742 
-176.72937939814034 
-4.3712363645001755 
-11.15122244332539 
165.47436693523724 
-175.1602015795044 
-176.40838656355348 
174.55003803822143 
171.9819487981699 
172.4418736789377 
174.00501533602656 
1.4265545596290357 
164.49802343738668 
-7.045022578300954 
-177.34839191739803 
-6.12057350821019 
9.011946561092088 
178.46474392865125 
-179.05602199682764 
-169.8335643878724 
165.64772630967164 
177.01118954112457 
-24.85455159562678 
10.795848847597837 
168.95487528599645 
-166.09334356462136 
-167.02062461778033 
-25.993390286500734 
-171.8130991264916 
179.21237301150455 
15.573351133182399 
2.1432632214302796 
-6.750383350866223 
-177.3112630565415 
-23.35156470772172 
-3.3780689783119855 
-12.80068584563517 
16.472305230705494 
168.4569964065724 
159.7988083346624 
179.69797943602387 
-176.25345658567915 
2.2978886268080423 
-7.482270261365569 
-179.32859542199364 
-6.501661042183242 
-174.584697830957 
168.52277100939995 
-5.4742224144960945 
-23.709205320129737 
-178.6688312983062 
168.96011884782158 
177.88162989054132 
-174.7944664845456 
176.4833654253795 
-170.3441702717279 
-173.6686851362308 
175.35060384336361 
177.3384163487947 
14.400917636251034 
-179.32627735682308 
162.76586841425888 
179.4536264053409 
-3.4928826565454836 
9.47607736850541 
158.26603410463383 
179.13790190510073 
9.768680236806151 
3.5814702433413084 
-160.11754919043284 
-169.91113765992455 
-169.56019001486905 
-177.8016323108609 
1.8773585457946624 
168.54273453312027 
167.46312687448437 
-8.561718033536971 
-12.089226897976571 
-6.876112523973758 
-2.592658123864287 
-0.29719440097982025 
-22.674335413795493 
-13.275488672738911 
-163.8250386518622 
-177.32790171234882 
-7.1711389799507 
175.3750201932484 
174.96137244132666 
-16.85229201381233 
2.374745324913083 
4.600417872197056 
177.95284273137148 
177.2002337587118 
-13.460942253852474 
11.940995684887586 
-15.988506046809862 
16.4168199934969 
-7.597783776832526 
179.18632174391672 
-28.406478784476437 
-11.878654207208154 
171.01622773985645 
-2.737166257986624 
-5.372561701419326 
7.711712955742073 
0.8038385357168529 
175.6814264044075 
-10.555266494682092 
8.508002256250917 
-19.414105450875695 
5.159872762753401 
178.23462887691502 
175.50077055883858 
5.415226128531594 
169.27407994672913 
172.58451629213044 
173.67807459152644 
-176.33882323322015 
-4.040096325155996 
-15.222098055521103 
168.45539587696373 
172.9895624033721 
-2.354250335913885 
165.54098791136715 
-174.6176362573581 
-178.4307689965652 
-178.34048737175405 
177.84101865709331 
179.9148840624652 
179.26574645530368 
164.22297360762445 
16.693959539984967 
176.86462879874009 
175.77616767044256 
-159.76592003993122 
-7.154509681655077 
-7.685316275626568 
-5.77486670594199 
175.62267227465827 
-170.92774421604608 
176.3972362705139 
-179.0867703999103 
165.15723969866178 
-177.4965713316265 
-168.77498753845185 
-10.236147271168049 
178.0873604644948 
173.44362889927615 
171.59296892581426 
169.0199832852316 
179.76072770210172 
170.0288838397356 
177.84310649177834 
-172.9427514277213 
178.90402243159915 
-22.316342847728436 
-16.625481913633717 
165.68347726323677 
170.07642329888813 
172.7788435135137 
8.133372300086831 
174.01925089917 
-11.835853699478688 
1.2525387226212255 
179.7279085328429 
-172.4058026707358 
168.22823063337182 
-17.418368718685763 
178.4616424859367 
-176.47574343534873 
179.32595367756088 
-171.59302786584956 
-8.835241868810082 
-170.58101207542666 
179.3757619384874 
-170.31232638869955 
6.189141682368903 
164.99366877688877 
176.5548408733328 
-176.47238890016683 
163.24210216727278 
167.70425071888812 
179.06845036311293 
-170.990846429885 
175.68586848066377 
12.956092102928032 
-18.195994812857208 
163.1427042239605 
-174.4208128697644 
175.68416435590055 
168.79992077798255 
174.653304982091 
170.63864939117576 
15.835400370351 
173.51240797430953 
-171.2784469487228 
174.99248523758575 
-19.657838752885187 
-5.3728121685145185 
178.8929183407477 
-5.4242361701041215 
-165.14514620969445 
-170.49064652123496 
-179.19552805218194 
-7.92900737143556 
-15.399608643632243 
-13.735360596441163 
6.576231420741418 
179.05691692374634 
176.73177083074154 
5.63750111110836 
-16.00598239849791 
1.8623366674140511 
1.3818038553104253 
-31.993256376908686 
-15.945114124343966 
-1.6208494735677201 
-166.96545922317287 
-17.540670391069497 
-13.155283251256382 
177.58208262785243 
2.2334936353517483 
-0.41703708265358563 
-8.559297657161071 
-171.068580414512 
-10.80885802417575 
-176.7379056553523 
168.5636082417408 
-20.357787383569875 
-14.03024581458742 
-22.02234785285261 
-163.75753961260372 
175.22702854939308 
-174.57559150641393 
-3.6340972458631984 
-179.42446758442793 
-10.868021180544618 
-176.9547654977758 
-174.93792669621214 
-176.3378843043902 
174.62141971223718 
169.5975990559717 
179.4100951118394 
168.30575014577775 
-178.68100368795862 
-7.560519917001586 
-169.09496420709627 
-8.16667998297636 
-7.279322079726094 
179.12690130252267 
178.4379147030891 
163.90504352950217 
175.72715485696438 
173.94122583415603 
9.56706854195006 
2.368230750308176 
-14.893500305476625 
169.69428037437729 
175.23963847693602 
178.30506725342593 
159.3967215302135 
-179.57928566563223 
-10.20992670486201 
-175.40637462732403 
147.44241590377214 
171.87169772538698 
-175.29855979635659 
-165.5976230231586 
172.9548292193792 
169.97457429391622 
157.81971089664145 
173.86962389884272 
-173.14651777764595 
1.5219185535823418 
171.84522304777087 
177.2900814318222 
173.3786333892968 
-177.39789433876305 
161.92357418545635 
-179.92051405953916 
159.70558644976146 
-4.593130526583502 
10.995604112057276 
-10.070513916602687 
-31.094908759487442 
-167.9529427249603 
-171.75918821037038 
-178.63300640832605 
-166.7683147970927 
-3.60841441263004 
-10.852815831897116 
179.4599982981879 
-9.232432358316167 
169.20911641235617 
8.113544942575704 
175.91017543709472 
-171.38571523086694 
-178.6291038436442 
2.5972200798738183 
4.616377345180331 
-167.50013927714707 
168.2575052210976 
168.4181625747782 
-15.460366188895106 
-174.2951398571807 
1.7659702720625812 
13.286933157673284 
167.38072756762142 
-171.55925303816812 
-173.3864451406443 
176.37653880718736 
9.503155308072689 
-11.463188477171425 
-0.7360250147623972 
-167.9094027461922 
175.89998491337937 
-175.26917129420627 
3.048349378639978 
174.2014954106156 
-1.1498836398055226 
173.94903796379396 
174.7540432499717 
166.8295244960551 
-29.627291196236666 
-0.5463896851382108 
1.322467100126465 
172.09462130934506 
-12.834321871168566 
-5.438142185251448 
-174.55132068243736 
177.53714202939742 
3.089272262425665 
-12.108132950293252 
5.58351747944828 
5.092313153080259 
-4.98846313403242 
-13.80562867284857 
-8.359214467649302 
-11.670686207924732 
-17.192331002637644 
-2.5675591426332747 
-170.707567602811 
161.8693845181366 
3.2596152217192143 
-5.659081122823817 
0.669094961370237 
-175.76863072389418 
-171.54062060846192 
10.451971204219689 
-12.495727403284212 
9.138534421082644 
175.22995107133127 
179.90565805637064 
169.3314239450249 
-14.228281526708425 
-1.3350978634272406 
-13.095586423142743 
-4.593057059687913 
-21.671811322638472 
0.20358106169692347 
171.60522896078655 
-10.543730587489607 
-0.4741037979354377 
167.61592077635126 
-16.26435507077309 
-26.499322184690612 
-172.8461722163544 
-162.16459349018587 
172.06183995609857 
1.7300265445312146 
-178.4773739705688 
-7.906220449642129 
-10.832838394328396 
-0.2696345697215276 
-176.44591951389918 
-12.72281978459274 
-2.2736992670218155 
2.105109185328761 
-3.3769109623775746 
-0.01515024296257414 
-24.65888156331269 
7.47377524910231 
-10.386512735358325 
-20.663801860948873 
177.79334365031752 
-10.137443727570767 
-0.21591604487200877 
-3.6115964817615263 
-19.259316572952862 
173.77165347169017 
-174.65233309922127 
179.39881157852355 
-9.169257148455847 
-15.165613654166327 
4.492538391865833 
-21.786788134512218 
-11.287469369976876 
-177.1859619625528 
-2.912883951683704 
-10.575635835836167 
0.9522307161836425 
-13.838450092794927 
177.27945601162995 
-10.935869823321974 
-17.988478744696877 
-0.5841613079882211 
12.055659459887561 
-170.0076384930725 
-16.85130560291725 
1.5774621494257126 
8.394008229319757 
4.678330697605419 
8.99258713557353 
6.580265650258584 
5.687664841915898 
-5.277039586341663 
-13.153091474388281 
-175.880308849948 
-1.1232861604443671 
-10.913568460884223 
-2.8620851577715127 
22.53447511633554 
-7.567634426095966 
-171.67952704850984 
1.854562717715921 
7.4162103731030955 
-10.0973249439419 
2.9625140675799777 
-24.08852778472353 
-10.862797165108887 
-6.249092442505924 
-13.9761412869577 
-9.101350470271747 
-13.548964247933272 
-10.526034055103102 
-15.159491247930054 
9.43394264970276 
-6.183831373033919 
-23.645619595340776 
-168.68603268302795 
172.78652580033594 
9.54007098435216 
-7.530475440395244 
-21.621994377095177 
2.8820215016030932 
-8.684197921823774 
-168.31644334642198 
-162.57041440144909 
11.8264546519874 
-177.9845293271537 
173.04456357958935 
11.54846652568361 
3.8466317128119245 
-161.33925433909744 
15.641537344169091 
169.51365072718826 
-170.11327162927927 
13.757437536157004 
-11.849656456936131 
1.888509150912724 
-16.83984864738836 
10.777704613120916 
6.030272385815439 
-173.54949418471125 
168.74289916046294 
165.85208823498422 
-20.602256775695533 
171.87339128038084 
5.139031811096078 
-173.35374607499838 
-6.485773528877241 
-15.14158923979243 
-10.642312773065031 
-13.292215870816856 
0.06000957612306076 
-21.530295841901925 
-17.024166181798712 
171.93552599430956 
10.509052436251231 
-7.493983314027967 
-13.229354527098675 
-178.33177395627604 
-4.80251308214517 
-4.770950976660125 
-12.248138429587115 
-3.2588255175762133 
179.6772784963129 
-4.233307933780334 
-171.11869289468282 
-7.8819747989707025 
0.3615126028304076 
-22.91106590453418 
-16.47787124116557 
-162.5272075369815 
-4.408788683479074 
6.675087610703576 
-172.40457644134685 
11.814224568978752 
175.37154756002678 
-179.48521738690448 
-13.931784518141905 
-1.4999921977219313 
-0.9713588158568551 
172.35283661981268 
-0.749685665438364 
171.86475737175996 
-169.12609184495977 
-166.63173297026253 
-177.6795018358006 
-6.680898796927361 
-176.56117989883376 
-18.486169530863645 
-7.564608072077657 
16.233903885903505 
-175.4182131008135 
170.99090410615057 
-173.07962187961604 
177.97570063379806 
-32.25270557926215 
-23.780063378539698 
179.75754702640182 
-1.8979268662777644 
11.75241240250543 
176.29931856238653 
-170.4034895877122 
179.80580701728618 
178.74113836083615 
-169.64300203584074 
7.255721783915052 
165.9975941080605 
162.8326661521265 
-178.2770750146746 
169.55835230868502 
-174.18202729346146 
-168.6273807392267 
-165.7729384001235 
-13.71622476639094 
-179.35573100043277 
-168.998451548044 
-171.2449179097983 
-168.94340492094187 
-179.67804387859923 
-6.049764921484362 
10.128975116238427 
-12.36399040454317 
-15.75796783101085 
-162.59358675989463 
-178.7154815486039 
25.66148864555652 
1.7404002227039452 
173.0134120173833 
6.461617869368679 
173.08828154217775 
-176.55697983859875 
175.25866413516192 
164.67270666093992 
-174.92520629397166 
-1.8342318131002235 
-170.26483175701952 
-168.93588108756288 
0.25539416620005717 
-156.68710569040962 
-4.301053058827263 
-170.65894552249418 
7.712333640646216 
-168.8345562490884 
168.9588393477734 
176.54567217045056 
-179.70984365207917 
179.61593327259206 
0.97620898876409 
177.289136363778 
-10.352113289375938 
172.6432523473341 
179.50027604160678 
-5.401839333126375 
-160.43597418298762 
3.170808580928892 
-162.29557620925664 
-165.20125853358994 
171.58377246075617 
179.6113112917117 
176.095688298833 
174.20922742968855 
153.37748100927254 
-171.26618837526647 
-171.48750067038918 
10.570469795114407 
2.039980527380375 
-179.81479518394056 
-177.5170929050658 
175.024989641257 
4.209826537427104 
-0.5080204938891303 
-9.754302206686788 
176.6450574985753 
173.95060390253514 
-172.52023762596835 
-12.318673640438693 
-9.053168769819603 
-13.372733548447952 
-22.305786695462448 
-35.01774085383289 
-8.505347798644015 
176.95830025801035 
2.0103464007487553 
4.672448447513165 
-178.74080468335006 
168.7439061855499 
178.63396985818156 
-14.577824326019526 
-13.942396031762591 
10.111625658022074 
-16.545327550387782 
-3.22618143005354 
-16.471973905209975 
-15.535533327360593 
178.98784671832573 
-3.8426668055983146 
177.01151238604 
176.50659468516145 
-26.33508132181027 
-2.68169090047942 
2.9821663910578735 
-14.395107872469776 
-12.764643145866005 
-20.92655146397854 
-5.56722534619855 
-11.680724204325635 
173.5723619799439 
-11.945978200679088 
-179.14185105120183 
170.2127869923551 
-16.79119789611617 
-178.45446906789732 
-176.55957152988972 
-179.71639072498525 
-173.5067538333323 
-177.01955065963207 
-178.35615590131167 
-178.3478598580384 
5.618691803301 
-173.58497940449158 
179.73919617575893 
-179.3108831768029 
-4.926364874131536 
172.79074749023616 
178.85429410836812 
-176.16162497301946 
-5.8466701004234976 
-171.26007374938533 
171.83956815364974 
-179.4733927566227 
-3.368409668425421 
-7.699464236747489 
164.81857888292998 
-7.668034085077706 
-15.642736279456827 
-3.394492025670021 
179.72218688552172 
-165.9451016658178 
178.28697963503325 
-20.464444103320123 
-171.69680907477974 
170.90480684535623 
-175.10632957050876 
179.18335726304957 
-167.88110594500208 
-7.833360380443244 
-10.35906152058268 
14.011236353944827 
159.67439866994008 
5.535048425943293 
-160.39865565030993 
-177.78116589955988 
-6.696616496928654 
-16.736667207821785 
-2.6628681898504336 
0.2805071648416865 
-170.04479667053184 
-174.63077253620733 
-13.03365320800487 
-0.5495221549382135 
-8.019851452699141 
174.35329833831324 
-175.74912604728158 
171.71427048099744 
11.309039410567276 
-1.2806266973959168 
-2.8679254692143754 
-172.9920226396718 
-4.329540385693849 
-1.3858222897144983 
-18.29405185178576 
1.313585044525668 
3.4996372527829673 
-6.02785830243378 
164.72147440675914 
7.67584415752383 
177.14069760057754 
12.08622118533011 
-174.06207791748187 
-177.4219596719198 
-18.065724340927705 
-12.295593183328851 
0.17089581737853704 
3.2825580410554935 
-2.5562882498547275 
-176.4760514709302 
2.7329469119691803 
-179.4216902804814 
-33.25937887157972 
-13.325549806199083 
178.99839658898847 
179.8613604212521 
13.18811997937705 
-2.5157231403331473 
-10.131138160746005 
160.68309887135263 
-6.773174846926441 
179.9888436564083 
1.4770427739133125 
-17.889592150478734 
176.86022783648335 
-23.86062907084081 
-3.368636460996249 
-3.4126071652813295 
-9.526865649886707 
-162.17195961098733 
-168.24957463579577 
-3.1869401486189726 
-15.96817160132093 
-7.709890156170933 
-177.71206329096987 
5.165798185532402 
174.23880093813304 
-5.577583054553953 
9.611798215127099 
0.28934002195086206 
6.368997300815618 
-7.251580395918473 
-14.900916445256467 
-10.227911703298457 
-14.167006590098449 
-9.850265534170326 
-8.816328379750562 
-175.8707530952632 
-9.063918279672782 
-12.29295028599063 
-175.20431736311073 
6.987900434647313 
-16.32937644606595 
-17.97738589339585 
175.39738361838124 
-14.816087950153971 
-5.744973505221947 
1.8208348881414578 
-170.1791657633964 
1.6400711035336608 
1.426915103136728 
3.6165089109613886 
8.408007114851573 
-18.884987279955148 
175.62699036201084 
179.77816338659656 
-4.679299472180441 
-170.23508477859863 
-168.32765201599463 
172.87212416190775 
-174.9245002252764 
8.685542147427064 
-177.5008348193419 
165.5142946442533 
-24.826416483794603 
176.75346013708665 
177.23499396306374 
178.26954013963018 
-173.5733325093406 
167.85822471723577 
-11.963292377958044 
179.95226026738644 
-161.68890584779479 
174.2949408386444 
177.68596986656044 
176.62579771056792 
-179.37547523139972 
-170.04991443234454 
-174.40091484649568 
176.67409428423994 
165.105379001751 
170.87730015248604 
-176.34437756035584 
179.46829865708432 
178.16601065112891 
173.48231045893084 
7.354134207349083 
179.87035283634094 
-169.52236099170406 
173.80930752508073 
179.1031304328905 
174.76127242997987 
170.19387092497112 
-168.8917149957798 
-4.239939753970851 
-170.85497475163973 
169.70440925784763 
-178.89107386668695 
178.9675655574279 
2.1103506845468094 
177.09526661018526 
175.99384514944262 
-159.75238184702772 
166.30541453814746 
172.60519500610485 
-174.1243243985373 
-6.313813933736805 
2.4184748172307935 
-13.914580053279119 
164.649883535407 
-178.92603886758968 
-13.43644078892415 
-7.797791173909854 
178.58508551113326 
-12.218084872134176 
-176.87560226539495 
-15.207929190296413 
161.14809357276872 
1.7475306370218722 
-16.50406875371548 
-175.37781645139657 
-8.193593753508786 
-173.08833084958977 
-0.5746144685419075 
-12.569091792517339 
-4.166982671923496 
-0.250014810222575 
-21.895210483732807 
176.4123535828736 
8.26038890764142 
-15.314909652010202 
-15.014253207358166 
179.26016762076284 
-11.381782285940536 
3.26980278230621 
-12.288002698620799 
10.074532708742547 
-18.230975729635855 
-4.3578518459621955 
25.688490799465136 
-9.358173303873652 
-179.59565774321888 
-179.8624689442761 
174.9598524695062 
-7.022737556280933 
-2.5500424470156196 
-12.248868242315911 
7.879228920292243 
15.79833426931972 
-178.8336963547638 
-179.77656911964752 
174.16623871327639 
-175.69934243804502 
163.4935354094982 
-166.93965105595964 
168.7361484343249 
-176.58512918513043 
171.3171913284885 
178.47205921806122 
166.83756262548678 
-0.4838608431258176 
-13.103635173941589 
-4.003535466676056 
176.61525593023856 
-178.35383218587805 
171.4020836272094 
4.098842625782284 
-17.833708996203697 
169.6676922441681 
179.74606937129752 
-5.20275594789137 
-12.442490600012002 
1.514516950406989 
10.824850421110217 
171.49695009196498 
-4.051831887286048 
14.426963263808597 
15.427714038337374 
1.9294565877036272 
172.4848292817957 
-176.25741626413367 
-6.51627854944656 
-16.57779699043134 
-172.35040926774678 
-179.19556884229283 
-12.635853769960251 
-0.7916787370275453 
177.44135453761825 
173.318354273216 
-167.20349234544042 
-178.81161765370555 
179.3470568201169 
18.328048197383726 
-14.596870977577728 
4.406802886793129 
171.99572389976984 
-2.8066568302378982 
177.13070944118562 
7.669526637043696 
174.77548958477226 
-173.3160613691011 
179.96219599062323 
177.75891050368452 
-1.3224822900157338 
-16.152320503154066 
-176.78499024519834 
-5.445158272318007 
-177.11005110439515 
19.911738936236446 
-11.11616183580615 
-174.6747436955803 
162.88976021649606 
-3.722392694293194 
-11.83187062438597 
172.57265665937604 
9.404218132218617 
6.947721921215047 
-17.113756604392343 
8.567683366735077 
177.24313747042112 
2.9991619202595885 
5.815489917275423 
-162.46106779008252 
-178.35327808244634 
173.33630771760375 
-177.39796031887388 
-16.44101599278195 
-171.6781272447295 
174.3906903925503 
-167.49310129658448 
175.0562202937337 
175.75614979502637 
171.10481314237435 
-173.874745303641 
-178.52179983074672 
172.80002232319137 
174.23512543197032 
-171.81985849069812 
-178.77816893254 
179.88102748151272 
-179.8442980146687 
161.48060861808372 
-172.1119268968012 
165.10415109386645 
177.8608457240075 
7.981004062457691 
-175.9426888680929 
-172.06573325100845 
160.62396031343926 
-178.61194734259058 
-172.6943691464023 
-172.56914726225426 
-172.17841494274327 
0.5632613527871928 
-175.2060047256602 
177.4242518783779 
169.0792703210374 
-162.3403751769484 
-1.5801929299967794 
-14.550082298376468 
-2.9302376404270993 
174.84581232752603 
-178.54396900817446 
179.6727486333111 
-178.32974899173385 
-19.959571459788414 
-175.71166430206483 
-162.34075167625298 
173.82311257497594 
-170.26519769358325 
-0.14690848093124365 
173.15264069076937 
-177.52415572189136 
173.0349232112795 
176.83104823208956 
178.78978814270883 
179.3177236638283 
-168.5388865908637 
-172.1235027478218 
-1.9737989768848638 
168.41012046695693 
173.9747292406945 
-7.754909268203881 
-9.032190462650252 
178.614011633911 
175.01209669297913 
-175.2173648694122 
-179.19729983312791 
-177.00679457052775 
176.8159897201708 
164.38129000850748 
-179.35058258613418 
166.83411825362498 
172.2467622056115 
-176.56031083236223 
172.15924522051654 
-8.600676804015002 
-171.50807510606725 
21.528669005953123 
-6.290509431924639 
178.35145524200837 
-10.956423333999835 
-0.43007310952573646 
-3.4255892680724567 
167.40020677392312 
169.5388333332337 
168.36243281009433 
177.52117955520066 
175.71007947888853 
168.1523089705955 
179.40740243492496 
169.57720419100667 
-163.26330090415001 
-174.82593286806477 
-175.69962185342325 
175.5123487476521 
-172.58812377204237 
-179.2920943095892 
-1.1833447979326426 
7.274832286431661 
171.12089630287397 
179.64411540187052 
178.56157816811725 
-11.94499438988582 
167.94559834881875 
159.43330772344004 
-168.67398569167403 
178.23902441946927 
-145.49962780340982 
162.72359791930694 
-10.708654191797969 
169.956716908092 
171.19612881116058 
174.33948261045487 
-6.191664295601088 
174.87306071910567 
-16.782054463956126 
175.7956505546408 
-8.48983766009639 
2.7548078050834017 
179.26580805858822 
172.84729324225341 
-12.487184576351247 
4.566893548479993 
6.113551186053518 
-14.012958576796764 
-16.835805065467266 
179.39139857813097 
-171.26056439652905 
-170.86782976816897 
-24.184331498645957 
-6.642053092468738 
173.95670818667298 
157.14707824120282 
-2.155610256471037 
-166.0372848743533 
7.195517880286498 
0.08895942449663599 
170.72933973127735 
-171.47198535826735 
-3.1792305263586935 
176.994116324788 
-176.62124872774928 
-176.90593991588642 
-171.84806596220218 
10.712663441382638 
-173.15830382039871 
-177.1044099154273 
173.95768213243912 
1.488414998152732 
172.98340227118499 
-168.0552519609003 
175.80640263871402 
-175.86103737657513 
165.0852421712253 
172.59636109758813 
171.39514799841157 
-9.65113097303337 
179.3584055446303 
176.69747449746075 
170.40562912262132 
-176.51739177077798 
163.9279651111126 
170.1314144877652 
164.8180294161797 
154.0261635142806 
178.78638969860626 
-177.42529494799896 
-167.25658005643467 
-167.23390999457567 
170.44796861699675 
179.14577043221254 
-5.085002817926694 
172.6099689910656 
-16.727199124395096 
-5.763532185068477 
-179.14039210573975 
176.83853228625543 
-170.41344392150452 
-17.593942580255856 
-167.51553653774755 
166.62133840734705 
173.20723596411278 
175.46634447054447 
-176.20783535472353 
-173.42795686868152 
-176.71886217670456 
177.7131229360358 
-179.65320043041763 
173.1647009149045 
-174.76082847055756 
-8.120994670966953 
-14.020732563461104 
-173.26136814569966 
22.33261487611836 
-168.33870442111967 
-179.79865819132021 
-170.22088716687944 
14.186494333386538 
175.62108968688304 
-13.966749799662626 
-178.80580714165328 
170.71633252105357 
-176.09798786490958 
-2.8691275085671126 
-163.7249913507397 
1.4386293927305103 
177.85094966202178 
174.93742356116888 
177.48183470955763 
170.741676845095 
160.59855968713836 
178.00349235653147 
169.98136520430367 
-175.03530507466039 
175.60684474319396 
-178.46294538149857 
161.68226827205086 
-11.40233641588412 
-176.30905918398747 
173.28831458216035 
171.4390913193444 
-176.3321366846718 
178.66112299802577 
177.64408322272467 
5.577090454721927 
-175.50735676174475 
175.20822080236442 
179.89243986502885 
177.35126709666068 
162.19359896981706 
179.07910926850008 
-167.21136331324146 
-175.90541459066617 
-176.4235284849568 
-25.83166769694347 
171.35875969514032 
-175.18815487407457 
177.8905675642372 
-22.5383611691886 
173.13124947596273 
-171.4453511028225 
-173.8566800764348 
-179.9490541095497 
6.341878432390205 
-178.28133711404791 
179.1143537933554 
-178.92158752947228 
-176.07329700659093 
-169.0079453536422 
-1.0444541055269956 
175.73850088234627 
-172.39027036824808 
-168.19982196756274 
-9.209518151075017 
-179.01357124412445 
177.1334985319355 
176.64108374037235 
-177.32358674622517 
-3.3913744591635884 
-176.15274791249283 
-9.128969872792215 
-177.24605905879616 
13.415852620846449 
177.64543134974411 
-174.47657981700468 
-167.51206923187192 
175.8918626293896 
-10.230575689020604 
-7.6088414581199935 
-169.7227771987283 
2.4699058455823337 
-2.973321723618742 
163.55517647261306 
-10.20255860821157 
-11.25919450819275 
-160.74265595693205 
-1.4542285294616983 
175.62507586600623 
-167.98940398629614 
-173.7552085968604 
170.86655155833566 
-169.12976490493122 
-172.3406311252649 
-0.10838779570609294 
-166.2922690123177 
167.8071929484339 
-162.34444585128676 
-179.12819077605317 
-0.6294957984055292 
10.025952704275651 
-179.07664053625317 
178.30260982975386 
-161.08349608225416 
-169.6415518807023 
-169.70122712862923 
174.16674696147788 
172.81407426274205 
176.15241306413594 
-10.648313840301132 
-2.953261435886919 
8.41455599687 
-173.45591788434547 
177.28791804479107 
-163.61755396873386 
-173.32663571943328 
174.98520811531174 
-7.481056828073257 
-178.80184164050542 
175.16795404247247 
-6.808493921502078 
18.279531508472537 
-17.111480112489467 
-174.02027188116992 
158.68505792862976 
167.83264724612107 
171.3485870973776 
179.66386827306502 
177.63024136980087 
168.00332077918054 
179.5820694259151 
171.43657744306367 
172.06729239414733 
172.69195241579536 
-169.33733486539634 
3.172159685197976 
-166.0432104330255 
163.25178739893957 
5.279550383321799 
-4.902523806863518 
169.88791456702631 
2.9097524231685172 
-178.64558099685726 
5.27558908225499 
-178.22815089599956 
9.64092375143789 
-174.75266674322742 
-15.987184706389552 
7.152397061555354 
-3.343285379868041 
176.04314667391284 
-173.33813381421413 
4.859326372847138 
175.99393461705037 
-17.66862749198057 
176.58958409653053 
5.689363207294513 
4.950856555205854 
177.69176883756563 
-164.45253052673883 
-10.266534491463604 
166.87874641132416 
-4.312915180178961 
-173.39663776059442 
-178.78458609745135 
-13.058288875113732 
-176.7730212728453 
-5.320931636357941 
-175.5215297627971 
166.33646118025177 
160.2471987985092 
177.4585727960645 
166.48955494701522 
-5.427463036214261 
-8.008121279623092 
176.7824550795917 
-170.80469749254988 
174.38147806075244 
-175.77494651537003 
-4.37542105167228 
177.9670908540183 
-169.4982628061114 
161.4569308268191 
164.9790485812392 
176.36770164505128 
178.5216937804677 
3.3557711111154145 
175.68232954454774 
-17.51225842483555 
177.1496385669446 
3.915900409912728 
-178.33830616494322 
-6.614184267437053 
169.9903154505465 
177.05823593583358 
-170.58028144016993 
-178.3814857359784 
173.08358349245015 
-178.48789361509026 
-176.01640037346218 
-176.97484117771978 
6.297400329344831 
176.09702598163707 
-177.31258632202088 
-174.93977485924685 
-165.6927769338869 
175.35869185974295 
-158.98834818281065 
170.8974957558799 
164.85415322705637 
163.85720245733967 
170.1588497553297 
4.111158121068464 
176.5133201751986 
-173.4591126745293 
176.42870439977895 
172.7803765238883 
168.86727216547442 
-172.04946253635623 
-7.425137155951757 
170.14216844703 
164.90505502364823 
-177.93902550020528 
172.82445902318057 
-176.5976146214688 
-177.35275507108932 
-172.28303581471184 
-173.11412766660786 
178.48008821778362 
175.60133196055276 
5.786186114519188 
2.474010714977916 
179.11254274871075 
-175.18124677258325 
24.647941787677134 
-4.279483081634826 
167.24658653873064 
161.50912071133953 
-170.53992233843059 
-9.522036468480657 
177.40604483689043 
2.206952608403975 
-175.99244016774196 
-179.85659904002782 
-179.51320252864465 
-10.041553659525027 
177.01792406869023 
171.49215777635428 
177.6108905810631 
8.087693147030594 
-170.07932808006052 
-10.338874219037528 
-18.25736854357265 
-3.8565936724694696 
6.082468908872126 
-4.260457566449727 
-14.785523279350217 
18.26336470748019 
172.06562336331825 
-2.180088545248143 
-172.16738958433015 
179.52862996175034 
-0.08208147781088093 
8.759109546866918 
-176.5336465518907 
173.52985554149882 
3.8146794102237305 
13.837836930462627 
179.6757617073513 
-10.753524938537302 
166.9296917697257 
178.3669498869264 
170.91990458115802 
-2.578278231830174 
172.93823739797395 
-24.18528211226969 
-21.907354373056403 
-164.85467613434687 
1.592211413917496 
5.649393857500177 
-165.10506329782544 
-175.6472825629719 
-1.081628668604146 
178.91589548139694 
-6.504829455049041 
175.34921814816315 
-176.24310103023078 
14.687582214707058 
170.54909923104154 
173.23691823808042 
179.5126013079902 
-179.62716846290266 
-6.376594597958069 
-163.9222749880079 
0.2813508943431461 
-7.335903462567992 
-175.89004817815928 
-12.958637581235532 
-174.22828586983542 
-163.63881079186348 
-4.529622473738808 
175.1108510918505 
-178.32946345649484 
-14.930863337987613 
-179.91736007363315 
-169.78104865771218 
-11.228837978034393 
-22.806148599114323 
-173.2231722975582 
-2.8936182439239846 
-8.207193121258648 
-9.505342673155713 
15.739867826000475 
-6.8274751955917035 
169.96504114549074 
174.6849297456961 
-173.44639775891548 
-25.404863383985376 
12.311154010236658 
-29.553711869382955 
11.424635887359354 
-0.12797351847642235 
171.56316134115704 
174.0573676392477 
171.3186508665434 
13.062696857076565 
-5.2366658224180895 
-10.298413924793877 
2.478650412532429 
14.31948727047846 
177.59250302498504 
13.721856994210981 
-1.4794736972218478 
179.67765012506072 
-15.360168037002865 
-4.889491764138912 
-1.3411790125672838 
169.3050354255829 
176.50693062684064 
177.32467488970514 
-170.9377961695821 
-7.049261687709494 
0.8749995980398753 
-172.44625872717958 
174.2152085545749 
2.4324976168679373 
9.226715390637116 
-174.81287042225657 
-166.7416709226561 
-164.71105692506774 
173.62006310003244 
-8.574580527157067 
-175.3146824209186 
-174.5769582011812 
1.0954228001221136 
-12.636169263500966 
10.9170022573167 
-163.79928207698654 
-14.997818118729985 
7.026588647323658 
158.19350234807 
175.0211701833877 
5.912152936986433 
175.2890153956397 
-171.23321272476275 
-176.0451479324227 
-10.266128338512631 
170.2816162068997 
11.395781321168679 
-174.97377404875013 
167.89619516098014 
-4.321102972496853 
-2.5150818118665845 
-25.150603424442185 
-2.4080953059331707 
-3.1281771609785425 
169.9964814688636 
177.30551831299832 
-176.79995741425935 
-175.95874154890515 
2.9836089999099307 
-17.718595948959656 
-173.337246089124 
175.07297843388588 
177.9427372176027 
176.77052451373763 
-179.1323030401581 
7.918363248142344 
-15.412003932215452 
-18.58906640592675 
173.92773532415418 
175.98053779188902 
166.60194256732083 
174.98562798765406 
-19.8401155088483 
-18.936702319660206 
-174.28051472520872 
-28.61980850426983 
-175.28458436959002 
-172.36228534285945 
165.58043431726458 
178.5666529905741 
-16.043638262998556 
177.53597130700462 
-177.13306107817112 
-179.2069517806931 
-177.4934348328603 
-174.2806161998763 
-179.61517269582717 
172.722447735149 
-155.98379827438123 
-175.73128813406868 
-179.67987245942635 
9.335984749307114 
-179.77377890865606 
177.34615334149115 
-17.859440588851303 
178.97776103041693 
-11.310735548910554 
15.3665980369266 
167.4526854684719 
171.7329136802824 
176.6517873688215 
-172.73413886244603 
177.13424713260503 
156.82896806457788 
177.06062390414817 
179.97645774443166 
-177.27473622539674 
-174.55733916946593 
164.34928170862386 
172.78009284394696 
177.63572315490308 
174.34487753991135 
-174.4439916313381 
-9.813825453807546 
178.9533470509962 
-164.56705493712897 
-177.11035834739639 
-175.49023895916594 
-13.221181238989038 
-178.19983694529765 
175.16112196994825 
173.98726475745394 
-173.52135562810275 
-179.84548654865537 
-170.4298609801527 
176.614394690978 
-4.2442149900505735 
173.9367922038175 
178.7251911952941 
-2.493770798834643 
-176.5554933680364 
0.18460326681647443 
-12.563537105628841 
166.19449304791243 
-4.219822178471238 
-23.255815746611045 
-12.859442993270566 
172.03190809901287 
176.42947430322292 
-13.775552509928144 
-170.05580490204548 
26.244741847010182 
171.5611678339245 
179.49899697812066 
-6.357043495471409 
-168.63793355457577 
-165.94824824297194 
-177.4577382771358 
2.9893583150844427 
175.80313669228596 
-172.53743788651101 
-18.935632568553345 
-17.232558957983382 
24.654119505815686 
174.32451905809896 
-10.757482002091722 
3.712459782252681 
-176.76254856901227 
-14.650804735789256 
179.4832137437588 
-11.657736039807771 
-175.73350309803098 
-5.329832691249427 
-1.7003424977702666 
6.920111152123826 
-9.604638161311147 
2.641039559578773 
179.263911262052 
-173.15251934501208 
169.73305863683055 
2.2986318652776405 
-165.17055405121232 
-10.938425038783029 
-179.53701158114194 
-177.14877145022768 
-178.98698675801546 
-176.71339202296687 
173.83642695844506 
-176.89991424383842 
174.18894739979254 
-172.03846231451388 
178.74958949231646 
179.6616413024879 
177.31443106409674 
-161.9100242323695 
-176.37872653911148 
178.50490052654024 
-18.925270885030894 
-176.11966466403038 
-2.0532413684868462 
-176.06286973830203 
-1.3308018274465387 
178.14975597100187 
-13.508396303427212 
170.79860648097147 
168.47953895039313 
-179.68424915139806 
-152.50252078084375 
-15.174824427379948 
-158.98376728700612 
-17.558559174794237 
-177.68059279072153 
1.233169501021118 
174.8067714838442 
2.069263244864306 
1.9516944452992495 
-6.0425337836055135 
-13.463785369985349 
17.99885246445298 
-2.913950988388339 
-168.39367569795922 
-8.865640574971383 
-1.6314041574725844 
-8.639081226573769 
-1.096375769862415 
179.46429260952428 
179.74253891211012 
-1.1040738191495512 
14.68762454687541 
173.89748627624368 
-14.146606836519542 
-165.99379498849385 
172.59795455311766 
176.12758363141296 
-20.021820842840174 
-13.438560486364901 
-1.605177558014946 
-18.47972528152769 
-7.1771599225641705 
-4.969537689516888 
8.066277786269717 
5.642579941348191 
-18.24721372116861 
-1.8668425078253226 
164.65807523704365 
169.59695886826017 
-6.7782280856569335 
-8.66383483098703 
-7.217798362405642 
-12.942223584068774 
168.73826173460384 
0.4846098329352003 
-172.80506166080258 
176.71411456312615 
176.50199278064179 
163.00631167455433 
-20.85999442157786 
169.6521801305856 
173.59105949810143 
178.69850215578688 
174.17697837020873 
8.938050426451632 
-175.81517017034574 
171.56143790914848 
-9.676760641493086 
-159.419819393323 
170.31108717703393 
-168.32633686158155 
-149.21017481909098 
-5.338268607790764 
173.8035135569542 
-12.816375572815733 
-179.4386113740371 
170.931314632808 
177.6939423709895 
175.03288204603862 
175.2303689685998 
-173.3940394562215 
-178.90877184033454 
-13.165165822269755 
-176.3755244096659 
174.00325709768285 
5.681838469301396 
170.7755082070119 
-178.65346418907075 
-173.1464284296026 
-4.023082166050073 
-178.7828123096168 
-17.87636735838213 
-167.92391967012213 
-13.993838057805712 
-8.719799078871999 
-171.48670488868498 
164.74078421980767 
177.36915531203456 
179.03155043340368 
178.76505866891102 
9.55641123963344 
-8.283942308295728 
-23.96733039100183 
-167.73656041624255 
-177.0176445264161 
8.614922523341614 
-11.724100794820767 
-167.71227067794013 
-18.014054287438775 
-1.6087352381479483 
-164.62513437802207 
-2.2702615971267672 
0.9629287119075534 
1.71741471780448 
9.103895188302621 
-7.415231187738325 
167.4104866681058 
-15.375271959372006 
-3.217485314181814 
-173.93311403297093 
-176.7178773385429 
-8.36543073635978 
-3.150559215975111 
12.124850541226028 
176.9158350454786 
-10.469059708634102 
-177.53954350025026 
-2.1130685086149263 
171.1405511378807 
-4.455656535400477 
179.63706982542362 
7.820689570433269 
6.603339132006117 
4.495619428077402 
3.8516898168897344 
163.3206217288007 
-26.952136674976792 
15.023075414579978 
-16.44237338948998 
166.90609120147178 
-7.386350907117114 
-170.86208704752613 
4.383398910536164 
-6.023538697979799 
-169.4088758084862 
167.73560760897047 
-16.31387110540432 
165.314870159605 
-4.518717338618763 
166.23969940116294 
8.78192577092129 
-0.4566329115422377 
-1.9463928241425172 
158.60983940098197 
1.7749065074471173 
-19.751460841431243 
0.20065636273247867 
-0.8788544737569657 
179.05763033351695 
-12.927774497961522 
-179.10951220564257 
-16.627271121618016 
18.062628191604333 
157.37185405443876 
-6.902734143658391 
-179.07800987085102 
5.140349661958542 
-23.98643623752255 
-12.407377288960335 
-5.253264243662957 
-2.8006926275836825 
3.360823786019086 
-12.465451938979585 
-11.61768775267179 
14.0595510469578 
-8.554132790275348 
-11.365609964048234 
-20.454614695943214 
-1.03681208154643 
-11.455029992670266 
-16.44200516997157 
-11.830308768645638 
-25.046273803473486 
-6.4410729950517105 
6.369618589559212 
-38.39707735546704 
-15.446161430047633 
-6.197391902315382 
177.0106856309752 
172.5823066206682 
174.42361748873986 
-170.0563020680611 
12.552063754428575 
-174.01271054566018 
-177.99011947378145 
-3.1675395849442043 
-2.837723038436698 
-25.21975652729427 
176.22812469623472 
-17.613963774385404 
167.80835241643098 
11.017490890309295 
-22.363896395176933 
-14.05845783195406 
-20.75340064344787 
-164.51942272364667 
-20.221339344026692 
5.367339113859902 
-5.518944709921539 
177.7175408723698 
-10.323266297928443 
-11.855890048945703 
-15.883148035560216 
170.65364075227941 
-3.2730575019259707 
178.7800943140186 
4.494436413501008 
-159.86244753626633 
-166.47845849766503 
-9.96766330719522 
-6.257615557789688 
177.1702996851144 
-12.102524836761724 
-13.917332552581696 
-22.70799262203231 
-5.271221993339365 
9.043204062095114 
-12.956965525652057 
-6.039744937204135 
-173.87194684912131 
-3.1815184468745086 
-174.2584604879504 
-7.459785964720146 
177.20325796166225 
-11.15232704433335 
172.26090892176367 
-175.846948181223 
163.40927370115034 
7.090653531589534 
-2.7401410488752025 
-17.15768199922535 
-1.5288836382400792 
8.049640140983316 
-3.825873052463582 
3.355973501474851 
-13.194380452986188 
-6.490754100279091 
1.1255044299402988 
0.07644023354296894 
164.9750222177179 
-11.926257542354378 
-7.658716824569505 
-8.528907937732342 
-7.952541274524067 
-179.84434994047558 
0.692095532921009 
-11.786870530454124 
-20.225667071956146 
-14.005120372255671 
-1.3971720386967854 
176.30259750578875 
1.1069437598640135 
-6.374055456737555 
-17.386756491446164 
-17.102884480089152 
4.59371332623374 
-173.60620345259335 
-7.182975864105513 
169.05611495538952 
6.732739531270222 
6.118862982725481 
12.161419981438103 
-13.396463330088576 
-5.824077908432598 
