-92.16421037024396 
91.13672693101714 
-72.10033772337798 
-66.66637827981864 
112.70261070932497 
102.8003590261721 
118.22629450168729 
154.06854110122046 
140.58298787049904 
-67.8825925843776 
79.66489648932343 
-67.66474342509082 
78.22229537350778 
165.15565092687552 
-73.96113694788986 
-70.82654729827502 
111.53608721782827 
87.35393782506448 
-62.993159622941654 
96.42919603428861 
-65.89524708013003 
136.65771921460657 
89.83366357523772 
149.94528578566843 
-77.65421157753956 
108.65651462547727 
92.67185287496865 
83.90769227811161 
-75.45352040012101 
-52.75058422898745 
-123.11105267808738 
-56.58669882279375 
-70.36965323198267 
-66.2839511708228 
-79.47692939759678 
-82.64302508073196 
-50.70239320584773 
133.39957187336478 
-127.69939600862645 
147.83506386269582 
128.02636189892303 
-84.05565700203513 
130.93173391928553 
-52.10553127166425 
-71.79222125413543 
-70.30902348012813 
-70.19054876227553 
-67.61347014208866 
110.6022790350059 
-103.51714817276685 
-58.862469468890964 
143.22880889042423 
120.83050021913789 
110.38283486480316 
118.35482485428702 
137.71919006721293 
103.72542446469382 
142.49138597662292 
130.5216447588109 
-28.425547936821946 
-76.44524261659865 
-122.78891929702775 
130.1344979484439 
139.03436730017378 
87.23584719580325 
-75.1417747264469 
-71.54323980521346 
167.73276730921216 
80.56704921344492 
-164.63372724098392 
-74.5809639678075 
-69.33010884983187 
-78.33223965816073 
85.60461368853034 
-40.73225618652586 
-81.42305082648541 
-68.861144048906 
143.5964188816679 
134.99466887087684 
-80.36356071687248 
104.22828185609679 
-90.8082693219837 
-95.09234346523203 
114.21077793234 
43.79619740567303 
-79.4602129605231 
-41.386864754089146 
121.29856939485325 
-67.94570226177825 
-91.9124546826963 
-92.20217633118219 
-72.62436122343748 
-71.60811449147543 
-72.72213848352946 
-82.5970998164809 
-72.0572182355297 
-58.80127756686219 
-66.7833278730335 
-82.73538066871821 
-49.26894743538388 
135.03002470447422 
-42.275906377761785 
-72.22517918652363 
-93.4032118541342 
-67.19822246458894 
-35.95750561954945 
-51.89236051576815 
-68.41143752178444 
-72.62394353390678 
-45.55230515698037 
-33.42009671570699 
-63.56614756833605 
-64.56134655018535 
-73.39700813384525 
-64.85109518592998 
-72.98410701337095 
-62.18893461260733 
-70.46872498989478 
-37.337752279203954 
-79.89004519697171 
-65.62092069867809 
-72.86736919874072 
-68.19113738562643 
-71.1067710870648 
-108.84747491972037 
-72.51324704345329 
-91.0193363871148 
-32.4503623638987 
-67.00629234264264 
-65.84518902500781 
-79.57631391854089 
-81.33793497393962 
154.92832716326512 
-82.45082329453604 
-89.84926442174049 
-72.16521792358466 
-176.96739613380743 
-86.90578582593271 
-81.15921996286013 
-56.25256875093483 
-104.45905875792218 
87.69600255583545 
156.0133396318938 
84.76162853424391 
-72.95677296176103 
-74.79208816710118 
-91.08778741203773 
-81.24203213556244 
101.2644805736057 
-84.58331521222885 
-51.7274831877135 
108.7587372885634 
-56.67711965259872 
-29.801109609899846 
-73.39459555264838 
121.89244714538667 
-70.3332702273971 
150.76968715548807 
105.38569526408449 
-32.68544995635097 
-68.2159081352863 
-25.659898938588096 
-45.66511185814115 
-57.42802433529168 
123.32445783972688 
-67.72394095081552 
-67.84846269873654 
-73.19111638182318 
-61.01757704822522 
-51.39797974903475 
-82.44664524643574 
-72.8697003074822 
-68.08985744874003 
77.092335048166 
94.6310830703091 
148.4660684438702 
-44.34266597320672 
-62.69993390644499 
-58.58536514087273 
101.27301153665066 
-53.615548772981114 
125.83571087717151 
-64.81805687419828 
-66.94958007476886 
77.94906353403532 
-82.01400510046038 
-67.10840608632677 
-80.27544488229587 
-116.17812031105885 
-77.48985725185108 
-85.63621586389743 
-34.797450822981666 
-64.83185432943472 
-66.44881361488247 
-41.8480293247672 
-62.88641561738036 
-96.13394752137354 
-61.48009097631484 
-63.08027166127339 
156.85078431647534 
-86.12979125718736 
-63.51385371756018 
-90.00363431838485 
-80.03196207655385 
-91.34618611983728 
-87.3783285521479 
-86.37612190151641 
-85.4653767173907 
-93.14162813652607 
-54.71768296736817 
-76.89097886068612 
-60.436068805889334 
-72.76009690974657 
-77.75884021309449 
-47.399167217107305 
-81.11281181196074 
-71.26313556639472 
-61.41069417089469 
-62.10551579414343 
-50.87999708087677 
-75.05048648236179 
-87.70526749240366 
-86.14564146802014 
-76.39796999767 
-55.437336396121715 
-90.41356755037191 
-59.1015399695544 
-83.99979657851775 
-64.18770167418225 
-55.879331460071256 
-79.8923590886311 
-93.81119699913465 
-81.8204745955769 
-108.58071376896228 
-66.58958924369993 
150.23402693228522 
150.2375430636669 
-135.45012340944535 
-73.81396337642929 
-62.065318224157025 
-76.99121361360845 
-71.78538751390987 
-66.82467730106778 
-80.28640802347893 
-79.71617051935108 
-58.10314610368701 
-72.68392123287343 
-66.73449749158968 
-81.1138762790905 
-67.30112738680177 
-105.82701114432993 
-35.63308807396756 
-63.16617838604212 
-91.80402079834487 
-50.3389349044149 
-57.656005289252256 
-65.40494942637967 
-44.856444953570254 
-80.10872623605057 
-52.76586113302004 
-61.67628216113606 
-90.34361165847102 
-109.0703608245629 
-57.67517769507817 
-71.33827804194574 
93.39419959763327 
-83.17523355092729 
-78.8294815673982 
-85.85988122514408 
-56.48682645987737 
-57.66915881641801 
-59.39620007928127 
-75.74631306420018 
-62.876735117350776 
-58.47400610455645 
-67.49370833782399 
-63.023431924856155 
-37.040334604290116 
-53.389772499876685 
-96.09406985493308 
-39.88401997724385 
-60.219431554022215 
-91.5976855701979 
-111.77270840313822 
-67.05520193916702 
-79.27578440110669 
-58.702716372655885 
-42.38694597717517 
-61.80824031809469 
-52.81792222803304 
-59.78536200635992 
-77.33264249239349 
100.97089487451075 
-61.10112759572308 
-66.39181093452193 
-60.57203390684455 
-57.73951198988005 
-66.67839289304672 
-75.74545371048688 
-93.48359405818162 
-67.50347961992098 
-104.56906303015938 
-72.43984591235504 
-75.40719363691578 
-65.70932360475325 
-59.893179172420744 
-80.57719901496651 
-61.209955819850265 
-69.28118355389701 
132.19387501525264 
174.21296693751594 
-57.35745972386871 
-69.79456420144757 
-77.18561422865615 
153.03926112001534 
-68.62944995385483 
139.03828297355116 
-101.63899849726121 
-50.615415642863084 
-72.25591747856444 
150.8654575938676 
-58.4930476442437 
-67.67979775504531 
-82.28834425591855 
-93.13058982487779 
-65.92757581742897 
-61.977441541872786 
-86.57745189378477 
-62.614831519803694 
-52.75592991124199 
146.9475092262943 
-85.1924342029472 
-52.4527998576353 
-82.14223580209568 
84.10094966629258 
-76.20824542993317 
-103.38186148945763 
-51.685389741747386 
-5.148308201054341 
-72.17228239596602 
-69.0994268081979 
-61.35566697728662 
-74.66566534178529 
-72.20551671702502 
-89.56019859930126 
-28.050667659189298 
-88.44081524851175 
-90.54469459317133 
-80.8277993301537 
143.86279315083473 
-61.769385116712044 
-61.48986467888474 
-59.67882252164164 
-52.31655340795725 
-56.90697208787293 
-68.83960207406862 
-65.69719804196113 
-57.83772612413952 
-103.73976781169233 
-67.70723868260433 
-77.81361537691004 
-78.93738274583507 
-75.89618987370281 
-66.38228766966431 
-42.32900432503668 
-77.02943284932618 
-68.1174740734732 
-71.93763218327739 
-102.95091702140803 
-55.93016077350804 
-73.87652009342179 
78.63674804939996 
-66.0539859163622 
-40.83189774253916 
-77.31995894952402 
134.3342670795284 
-101.9580234054877 
-63.72643136845441 
-85.46763411540573 
118.89467774595514 
-70.40057214003245 
-72.52697093423133 
-84.89217084669278 
-35.57874904207377 
-64.02311437722243 
-64.49262539878765 
-62.66156156457199 
-61.76690819205816 
-76.69241339469939 
-25.791623395038002 
-79.94760202161638 
-6.8155489230886 
-42.11305530842352 
-50.63401621317328 
-65.6638847686086 
-53.4491467961519 
-33.76721752334127 
-69.72853458059772 
-79.10657250333425 
-84.29216855226493 
-46.426764634802396 
-57.62053141808254 
-72.28321605969091 
-90.01471120045969 
-88.94041619797956 
-61.96525868855406 
-77.83426617041042 
-59.82313837735703 
-58.395927931706886 
-86.02399826380523 
-61.35182196119267 
-82.20711741322191 
-90.35080341271845 
-42.4232092143181 
-81.27328463179609 
-86.03504922344064 
-85.05417561956745 
-68.6386545901019 
134.466497552719 
139.29693662067177 
-89.85530506547848 
-89.47423154241403 
-58.00528991952538 
-64.61422464574707 
-88.85574310160425 
-72.61540570827447 
-57.10474262843954 
-78.21996102941428 
-83.30467933014343 
-81.69666171471806 
-67.06879021392704 
-81.24997166461053 
-76.92691112084184 
-85.7979357300887 
-108.57770852869899 
-48.668661566900234 
-59.88373897195172 
-94.22969161639104 
-67.70974330957814 
-86.901245356842 
-80.9334069793423 
-78.264097771991 
-75.68577466766742 
-89.61532148305422 
-92.56510091783478 
-68.8911287544776 
-70.67063802314576 
-70.02925077039974 
-57.11801810548799 
-91.55522342884545 
-74.30088679913145 
-66.90035953656295 
-79.9594735426658 
-60.40714593371884 
-55.222347114912445 
-58.69058130476518 
-52.67320247518525 
-93.28972418294192 
-73.87876796307508 
-100.029191761535 
-69.78985777998406 
-70.84397446722308 
-66.56818801354616 
-64.3792212862528 
-86.33301307429025 
-85.81181761469449 
-70.35553761167391 
-84.51474899768867 
72.2391072577202 
-83.67133292107489 
-74.57625543607556 
-49.523900526566784 
-84.18023103608132 
-77.27128988100135 
-82.6723093647198 
-74.82513762191724 
-78.87073605485848 
-59.55310578735343 
-59.382545332552915 
-76.75458232784612 
-75.05252751278668 
-72.80071762046714 
-46.2738000196147 
-78.03598004235603 
124.08820924313693 
-65.73576204663841 
-61.356579491049295 
-73.25047992735124 
-87.35991302597274 
-77.01185587574267 
-59.84336775468435 
-70.65287318080024 
-98.82559231419009 
-67.61101350240216 
-48.93717461187409 
-79.47656582975128 
-56.11103584010566 
-37.71291837678411 
-90.75819153460101 
-85.32279855502473 
-70.8367298706263 
-67.63867862297181 
-84.93779439710778 
-50.020582784424235 
-110.9588107551962 
-44.24630744516008 
-61.537913198216486 
-71.435288098227 
-81.33589221715737 
93.12951129380923 
123.07509151429717 
-62.91926110686088 
-61.02878162595683 
-68.04699134285242 
-60.20431745984668 
-60.09118709046858 
-63.684741573608626 
-83.7530303310335 
-90.49768136186015 
-66.34825884126026 
-126.94133854829752 
-62.91081763128697 
-77.15911231164584 
-70.48607779060637 
-56.55082973538705 
-31.12185822270303 
-59.85939714421277 
-73.13924978269387 
-65.26760454748879 
-71.24594188546165 
-75.72871136996609 
-63.90176877450556 
-57.1721102884411 
-81.25213686847093 
-72.94372950782984 
-38.32091413184845 
-67.07754325219034 
113.15644638288353 
-86.03088570230307 
-47.69240417638263 
-87.02324452054444 
-30.943705303238616 
-46.0912007790794 
-53.8168921625742 
85.31785590403105 
-67.50406594532771 
-84.83428675313318 
-59.20806149182763 
-98.42769430655889 
-67.49676614543142 
-57.5076064274924 
-63.6089480564214 
-67.60899777260374 
-77.1114609297486 
-84.33480658234886 
-58.19117178014455 
-46.18424498331468 
-58.76925647289671 
-59.90738929461167 
-46.30792092205143 
-96.1904769271633 
-19.46290117540172 
-67.11468505248874 
-97.59645396186929 
-71.65058415875447 
137.89672103196526 
119.55091041991312 
-60.60936782297787 
-56.77182312507155 
-85.06873302169417 
88.99220657748162 
-67.14116210102203 
99.59822142587996 
-96.75895857965817 
-57.631325047162434 
-82.19507675065746 
-64.00374084578398 
-99.66782100402119 
-73.12982394073202 
62.40818133462946 
-63.92497218550888 
-76.8800405960383 
-43.95915720121069 
-92.9579986230406 
125.2467385811382 
-63.25120898195288 
89.6640226076975 
110.76240395036311 
116.77366878638452 
-99.56642203534135 
-71.19035095363165 
-78.44539905604658 
-67.28183500091143 
-59.044352243641164 
114.52713876910305 
-84.15156108204147 
61.179581706165756 
120.599254051773 
87.80326773734035 
-41.29599058202344 
-72.0193213681043 
-66.28136836983863 
-95.82808083515327 
-74.68082508770267 
-80.65719087641065 
-102.84295700702435 
-78.74101541501989 
-70.59824903555563 
-93.00765054895632 
-91.86662728542564 
-86.74277599462567 
-75.68561688430712 
-73.88310660564049 
124.99218120260929 
-81.0166563376275 
-84.45687381764365 
-72.31743772274592 
-64.28071744924598 
-73.50863001539263 
-50.245020354299406 
-74.08664969544006 
-54.816044970908415 
-82.28199656564249 
-81.35026104046825 
-64.84259726568227 
-88.97894766442415 
-48.53377877614727 
-82.12921854619971 
-73.46459704187899 
-74.6321626107418 
-67.62082980798502 
-66.21483260033253 
-85.83327426134893 
-71.72064378304344 
-43.29502129589422 
-76.05718626671404 
-82.50247358294362 
-77.1596041099703 
-60.283103008851235 
-56.21912598855741 
-47.129921448986615 
-76.30781839848 
-74.50163490490793 
-38.34533729786641 
-80.34781951889529 
-72.749632527822 
-62.21215332353111 
-81.88507927212801 
149.437013197738 
-65.34550752637573 
-104.10401483656503 
-20.168566374668845 
-64.89430563014487 
-52.327616655224446 
-84.29911783090495 
-56.774062947452215 
-77.56963273224436 
-85.85464582863857 
-85.89309841277516 
-66.42668922569649 
-79.9451655112672 
-69.07227631251679 
-73.15735120855146 
-66.45876195248903 
141.11309017341267 
-65.34361708989236 
-67.40383811530825 
-62.83534932765519 
-66.92233514791833 
-99.04443376569431 
-80.75420233887817 
-67.78193772007266 
-41.31849775606552 
104.00497604139272 
71.64541422778362 
-64.65186899041939 
-77.18453547751773 
-65.29925286538543 
-56.96859838642183 
-76.76780199847691 
-79.19406392941762 
-46.02203416749788 
-78.09304642005428 
-66.8180993525108 
-86.31642620773431 
-83.57177451295415 
-123.74779842656572 
-57.97278452023907 
-75.19933937036609 
130.24878096990085 
-74.96197348320281 
-42.561851155637065 
-48.7137929577005 
-41.417238776864764 
136.36745658803673 
-67.86034603975968 
-68.00893055396266 
-47.014792064341165 
-86.91139673311584 
-41.929060177511204 
-56.07381228815849 
-87.362014638878 
108.79705978991318 
-35.37604428677123 
-57.861732159214746 
-55.56396435372904 
103.27281338525609 
-94.08674508864911 
-54.20232284315318 
-81.42555201015747 
-85.29934638368414 
-85.9157596366512 
-69.68684928005958 
-50.9595090109973 
86.42010534472885 
115.30142408726805 
-43.22544829114097 
-79.33524465101934 
-70.39172101794586 
-74.28070029709701 
142.6815629622632 
-65.65085572160596 
94.71898441509474 
-82.57491615327827 
83.53295794529721 
-69.60619597267035 
-58.98965960931216 
-89.2615722112501 
-71.97400180045847 
-94.75683100709894 
133.39490232822575 
-59.73045237931204 
-24.422863167211297 
154.67560588798355 
141.26820637508771 
88.3706965133748 
-50.69548651119595 
-68.95491448861067 
-96.22014532444442 
-59.009043126424494 
165.64543103017743 
-78.89375091476494 
-78.4461436072637 
132.12541279628573 
138.03717409265118 
-96.1301053143611 
145.25883577538545 
-75.41285299997071 
107.8115641237802 
-78.16573694824294 
91.26414216922392 
139.19961641874067 
125.2104483808979 
93.90983457133903 
-87.51212582603343 
90.46965444531247 
112.3053651023594 
78.67285997143524 
63.94478027084485 
65.9704954428021 
72.8993267070891 
-65.16356293723973 
128.18155058653443 
-47.86984319627469 
-79.31578803328422 
99.31437212972982 
132.3516058970862 
128.16195906197584 
80.91160072939601 
-64.96282209096724 
-38.37972369674306 
146.705254167757 
79.82709378708513 
149.7557217016711 
-176.37038498649875 
-110.78175318903217 
-75.76272177954058 
-97.44093607506953 
-86.72871478024854 
-52.6722433280561 
-84.65275115000622 
-83.1079560665329 
-76.91701429518392 
-105.01800070705387 
-69.50905065353508 
-64.71319708619312 
-60.98953925446374 
-81.28348480135328 
-70.66813188309527 
-69.85614063421079 
-93.34169482520402 
-86.37760321425799 
-99.13369309272292 
81.27421867108669 
-67.12467597891876 
97.84687576038277 
-62.34767376926431 
-61.51143703474532 
-84.56495546258448 
75.29291867707302 
90.01795628719354 
-84.05109509950917 
81.91951845675769 
-52.98255296213002 
-26.703418521618055 
-78.68458410006774 
-78.84985081813336 
-65.72140434391162 
134.79178286056788 
-74.27386971653456 
-74.19273739050504 
-61.53730477477712 
-90.05310959468284 
-47.58825845252359 
-69.31351375811398 
-74.23940532766565 
-69.84112718611024 
-53.58748711060967 
-58.139808314993296 
-82.7319887059616 
-80.92532427228981 
-61.402902461243734 
-98.31382488552788 
-69.12710234039326 
-69.52976420880883 
-28.293613431158896 
-73.85900685752134 
72.07967357364846 
-68.36525130598808 
-58.56840703980202 
-70.13835497062121 
-41.67514277374617 
97.32025658053709 
-65.12537026025196 
-57.03166851098759 
-67.89450893393952 
-62.25765815218819 
-67.4801546118158 
-37.74119899314761 
-52.12443594046761 
-87.81225337703135 
-69.36592900525534 
-57.87004712820204 
-48.962007849985895 
-77.47325522695569 
165.67760997932365 
-81.96936828152975 
-98.96436554010573 
-69.63498235170854 
-77.8207171118306 
-97.82315823084045 
-69.29420468461367 
-45.867760360278936 
-70.11843891795611 
-72.62175924097082 
178.8498271782759 
-84.69787758956052 
-71.82963873212172 
-89.91755913497006 
-46.014169230287365 
-65.06179732907296 
-82.11325200637481 
-70.64703455869143 
-81.09359360630667 
-89.55756110851722 
-63.82607391764068 
-62.539664191787104 
-81.37107764037935 
-111.51516711833473 
-90.51126734811305 
-70.37437346487798 
100.60419647729466 
-68.71229200495164 
-70.4163365881543 
142.29473342135051 
-75.36582829176449 
-92.14358469506888 
-72.3532191456832 
-72.07718312871276 
-67.31080425514455 
-67.01595255912304 
-93.58461135710056 
-76.75499645145591 
-77.69819941555416 
-49.873380752163634 
-62.39160017398255 
96.4102775887465 
-88.90814229555484 
-72.79455424578991 
-66.51800481552252 
-77.10618485038725 
-82.78610922869032 
-63.75750528978055 
-74.70131150618404 
-42.02589143497128 
-73.11202718885042 
-52.27443717814911 
-52.63442297314958 
-70.02384363672424 
-102.57468010143238 
-95.76031491783512 
-80.60068939302519 
-96.7986849561658 
-60.08730975751589 
-72.17227386463617 
-50.92415747992491 
-90.99571670782491 
-74.65101667594467 
-45.28362811796138 
-64.48840510254661 
-102.24227979347954 
-69.73237687910967 
-69.76841246884288 
-73.71888325257426 
-69.42227693465709 
114.12077090933877 
-52.359254265768946 
-38.699252550788216 
165.66708814433267 
-85.72661255714287 
-62.414664994924706 
-79.29882319617568 
-72.87335960153385 
-47.2505115459505 
-40.343592872444155 
-89.12091637540459 
-48.210099465884454 
-61.77077678060311 
-79.62730374627655 
-95.98894950098635 
-75.45649785290617 
-102.13547319432642 
-51.49487468252526 
-94.11328807059806 
-86.45016800174895 
-61.43611753422344 
-78.4412066746339 
-136.2846649482215 
-85.34929581802517 
73.75279576392403 
-88.0314612077067 
-84.1530329141271 
-64.50337495699476 
-69.69457613497472 
-68.7261603091657 
-85.97297604724245 
-35.22770071613598 
-70.37411040257044 
-51.61991069462507 
-61.23944776065296 
-80.75082295697815 
-75.99747462703021 
-72.05350281296572 
-71.98067879028169 
-91.98984896609167 
-65.31874943860251 
-14.238305337149646 
-74.78068154021773 
-80.69362083675291 
120.13984422130869 
-103.02040664141347 
-86.10204447965755 
-89.31598249171672 
-86.53152532830269 
-65.48735460820025 
-78.93669052064246 
-79.4444645890917 
-77.01163085396809 
-73.83851760115375 
-53.11125714268231 
-77.97647970820577 
82.25849634267901 
-108.69594815813309 
-89.20286525241613 
-53.87419309560607 
-87.64459582021716 
-35.079882314666136 
-76.24851688901917 
-79.1191142541767 
-57.59928613748378 
-88.33882028394108 
-91.70094092349505 
-88.59842859618017 
-45.404264128220355 
-74.29117010157023 
-76.5622253113617 
-66.28601677800224 
-79.60150122353204 
-63.59991284165171 
-68.32550696092686 
-89.62684434205993 
-70.58986562835484 
-82.67667902133925 
-82.05396345639424 
-83.5115833171501 
-66.82975375555444 
-47.09318041942279 
-73.99361783250389 
-60.01988125590558 
-68.46323170559664 
-54.986843185232885 
-57.79823438316428 
-79.0311337019157 
-80.6162661855122 
-54.72420998916516 
-70.7260429541935 
-58.988532612747626 
-77.91666249656497 
140.40863722904834 
-87.78797608138478 
-71.40063263036282 
-103.43407551840662 
-84.51871683606828 
-66.60138346346372 
-69.19309911721228 
-51.65820849458084 
-46.14872859051512 
-79.58308588013465 
-48.517991304449126 
-62.68328863062335 
-86.28766545886876 
-67.5062655291558 
-70.45879260315132 
-79.58291806000068 
-65.04512039143069 
-56.03952068461221 
-90.78493699316839 
-70.0108619129476 
-59.73167756119885 
-66.90156658316451 
-95.05307044068275 
-93.66285566276224 
-50.62236535823859 
68.5931610795311 
-103.2059025097341 
-43.330422830138886 
-39.543077708958236 
-95.6288109350151 
-85.15596432050977 
-57.13346101684418 
-77.35909910479151 
-70.55438226090712 
-53.312995674830354 
-55.64143344519176 
-76.57030259555216 
-58.1394428412023 
-5.486172159727045 
-47.308108189626616 
-76.06410235384676 
-64.89235682597437 
-90.93102348627546 
-73.60779595188922 
-93.99047916969734 
-76.87146223375764 
-59.308216816465006 
-70.1966347436054 
-92.72572442882938 
-53.793796848725925 
143.12125942607452 
-84.60116390634244 
-63.13500348309374 
-46.86497586295035 
-89.56550198394345 
-92.52056038473982 
-48.16627586204505 
-72.55485346558004 
-78.5330797530284 
-77.28350910571876 
-48.89892448124926 
-65.16500027992392 
-92.07390400898369 
-69.42471161342638 
-81.7283194991667 
-83.5434604467779 
-59.390044021094056 
-79.60620348783225 
-85.43157687216514 
-82.82574570802814 
-71.69971956405459 
-43.33305730063274 
-73.1386967664499 
-76.20055917086842 
145.43825892871578 
-55.73868169732284 
-53.228845980669554 
-80.36063213145697 
-76.9001349052129 
-67.780333722106 
-44.732485463623206 
-64.43175721539413 
-34.6781030824577 
-75.48558117727497 
-43.13212284537077 
-51.44269313403498 
-82.28158355689645 
-130.657090086767 
-48.227500561272734 
137.00763091290605 
-58.80805239747631 
-61.245737169325004 
161.3034016975582 
-62.21028744700709 
-83.68534843146293 
-61.86275874660577 
-69.87636644607018 
-77.47303964717038 
-90.68950897758077 
-73.7920017625453 
-57.8234897852619 
-27.527984274190977 
-33.78546699303522 
-63.53150009664527 
-73.20953494821732 
-73.16565123461372 
-64.60957565667351 
-64.88184111273925 
142.66762304459309 
-88.42284648448471 
83.87531668837981 
-75.9777461410429 
-93.49362087827286 
-78.62942781736152 
-62.87138505937396 
-65.62501166065712 
-40.96499926639196 
-87.1027823243811 
94.14285076231873 
-80.87261554962816 
-52.67232932429492 
-72.54739084712143 
-113.81832352369494 
84.77886291953043 
-64.41713503566004 
-70.7683368882878 
-58.10287380174051 
-52.55498342727281 
-91.0204495238095 
-79.51633706613438 
-66.66738705429057 
-51.11342854694602 
-63.3860348724786 
161.28737520456883 
-67.80322165936738 
-46.200675187101474 
94.9371904237811 
105.0231535031253 
-77.7510338715798 
-43.698204448330046 
-22.34002409138744 
90.49277805600973 
-95.29084405639517 
-76.86637068696524 
-38.76078670995541 
-9.991923558281194 
-64.6497200431093 
-18.038232563948377 
-57.25443053895077 
-68.80381917852016 
-65.11769471765933 
-52.41757302599274 
-83.23983581774141 
-63.34892207099755 
128.42645644826231 
91.99471633305585 
108.00118182637182 
-68.32046936187324 
112.43625460123852 
111.18416842240191 
-90.0059535912736 
144.75089421245696 
-42.57036414567777 
-87.84027223639428 
79.02541234449882 
-76.42403333285691 
-46.652175884296135 
-44.117511805764245 
-51.196771659130405 
110.28994894052043 
-61.82853307086311 
104.56496943992617 
-49.73071781632489 
93.2676415816346 
138.82817821567443 
-64.64273559183496 
-96.12296810202747 
106.76541058443819 
148.05480099307445 
-40.36266261522916 
131.50443131429435 
-77.58797946750006 
-101.74837023322577 
-57.715454228235664 
-79.67024469614414 
-75.23433268966413 
-67.18033890338526 
-93.41053912500237 
-86.51714100687089 
-60.28936529638333 
-62.23202072335104 
-70.12068734932711 
-44.04636830959666 
96.88949501612757 
139.50875530604964 
-79.56459424714035 
-69.29655465121805 
-70.11826651566427 
-36.72881857995864 
-69.94173083343418 
-82.7493038143588 
-80.51267959576076 
-45.58729660037156 
-68.85240699478095 
-44.90448992259255 
114.12817832972983 
-20.19491741178263 
-55.82759905187565 
108.42958120461923 
109.52001286701591 
-75.37326212221313 
-74.84047279321435 
-66.26620964521723 
-73.42368872833647 
-117.09569861611297 
-71.9708590641198 
-89.20047985269593 
-88.70552405430902 
105.18730481426886 
95.01879100195639 
-110.8062193124033 
-75.75016447193484 
-72.5937995072084 
-72.9311260588986 
122.91651130649998 
-69.24229379531428 
-73.07652373617154 
-75.60906649849592 
-32.871724946085656 
-154.01759543777797 
143.03980730733727 
-62.65522758607813 
-58.716459439644055 
-72.50337613942972 
-58.82721448479795 
-84.56392280065724 
-44.31081934506649 
-83.56420120427566 
141.74817904275534 
-65.25408174899478 
-61.45429426333997 
-90.3163586014839 
-86.12775641708056 
-96.1193998617769 
143.80934812636224 
-73.7658981910334 
-46.313662402626576 
116.91702656757425 
-56.41780111246476 
-51.813639215669895 
-80.16669953940462 
-76.397351044377 
-77.66181424618586 
-74.6435483228351 
-86.6052466001044 
110.62206732661981 
99.5620874723394 
116.70804557392643 
-77.24250671217928 
-66.03410008226642 
86.99451416874892 
69.37573590324732 
104.68946454753943 
143.14852436396913 
-93.52653314976666 
-56.32619106588862 
130.0003684194828 
-82.99688756946944 
-140.79095546249712 
133.55700271092863 
-72.9483895142792 
36.51621227498873 
-79.47602909467047 
-80.67561723753114 
-65.03049845852945 
-88.43800524427992 
-66.52160177887532 
-50.61030403769308 
119.57638062103992 
-51.87849986955659 
-53.8263149075961 
-28.00668773748391 
-69.42118904501032 
-3.7688379542017705 
-91.52814345148448 
-63.6959953581852 
-54.263410697264625 
-49.46820492372081 
-59.603681601214575 
-78.43010231822656 
81.04007798860742 
-54.00783801168195 
78.94466970582653 
-75.62870828883777 
-82.76007076014386 
-67.16711302156509 
87.18384635096558 
-79.27906956327712 
-82.70315953601104 
-82.20698979535726 
-77.22495878966029 
-56.9535052440159 
-68.28312683622373 
-51.91524762401191 
-57.126723102272685 
-70.97002203856529 
-74.16123642873774 
-57.41324419020905 
-89.99829974866891 
156.99064268094077 
-97.8862623844317 
-62.99441213380178 
99.91510316560282 
-70.53534726498233 
-27.032105698699972 
-42.43128365302317 
-60.89940118070454 
-39.91754045572596 
-36.91743753398457 
-76.86520585510878 
-52.62962005022482 
-61.29172827078412 
-73.28271025283289 
-77.41969918951024 
-62.23623470297933 
-66.7328877334922 
-23.88563499316601 
-46.51617096869135 
-67.87757693047415 
-72.67389598417738 
-43.5844462637162 
-83.13763775258974 
-94.0717175044394 
83.56305847901231 
-94.78049961450208 
-72.99421427908295 
-101.07576294726975 
84.58161006715083 
-106.83010752968933 
-70.43292073330535 
-117.80805815173981 
-72.89743045410127 
-72.30556749518483 
-64.80746337855226 
-70.75774881939533 
-77.75640584417746 
-68.32363575888954 
-88.86840159758984 
-72.96264250977363 
-96.16662990957764 
-76.79321079686619 
-65.39862820334587 
-53.514657343558675 
-39.050076149559196 
-73.90617087674646 
-85.13540061690296 
-87.91546519766848 
-70.29917157121938 
-80.45385232870724 
-68.18446949638344 
-65.28926921215901 
-63.7467346807956 
-104.94502831906833 
-69.1431399705173 
-64.04788975278352 
-73.18923635468238 
-19.760005575343957 
-66.24299674264537 
-68.87642216411756 
-66.42908226746849 
-82.86463294072827 
-33.18947845031711 
-68.95302300745254 
-78.64046512860287 
-64.84586625079028 
-71.99386148194232 
-73.2634545785748 
-109.63647631876643 
-130.59834564467357 
-66.49123906045662 
-74.07443919353412 
-69.7206008398514 
-86.22111511605219 
-71.50598170293252 
-86.41509766939309 
-78.42862131832155 
-68.49539983219623 
-78.83189284881047 
-54.545051239999005 
101.18125812930163 
-132.6614138974044 
-72.25523622687555 
-79.05915517663381 
-85.4557919586901 
-91.1853025852947 
-99.89943583793631 
-47.31866121438668 
-66.89412591868322 
-74.77777039725883 
74.37906845205326 
-53.18529804668307 
-42.500160696049214 
-61.50324921663191 
-72.41937313676128 
-67.4352741274978 
-67.21823901783384 
-64.2410351908287 
-88.13734574915823 
-81.2523870341055 
-69.64706475674184 
-70.07087087621343 
-87.09246518163388 
-64.95496864861633 
-82.23269532574457 
-77.55488778851024 
-81.0308911142371 
-68.7970492823317 
76.09857438559544 
76.72620504724766 
88.73443815778337 
-30.58898240677277 
-63.31684596805549 
-60.49565532003483 
-56.26492998559599 
-80.2666260615414 
-62.87893338201795 
-81.26255309416287 
-93.24856372408007 
124.53511657548523 
-79.53836828790489 
-62.47294564547543 
-46.76213007570058 
122.45439251995268 
-72.01771401620387 
-86.24674176718521 
-58.296016595673414 
-93.1976364851102 
-86.49663046711864 
-85.74046825372201 
-63.725146451485244 
-73.46906820725299 
-44.034636330272136 
-56.04945152749879 
-53.38580087950669 
-58.4499710861296 
-143.02316422946117 
-67.05830619237138 
-65.58650390903952 
-60.81540092440968 
-77.99827400722891 
-66.87989518197713 
-55.771745846216945 
-66.59121443552935 
-37.2796573620363 
-51.4981879027165 
-77.89065887125676 
-80.35194713659308 
-66.02122896143702 
-72.56384111218001 
-91.18388150625991 
-47.535117885141744 
-29.272333232833645 
-66.42075021190115 
-62.16228596976825 
-33.24696134202919 
-102.65843426141659 
-80.4606012589311 
-59.72368868990847 
-74.99376100940776 
-54.30514767651092 
-74.70367614709401 
-40.235654486615275 
-68.94683510254619 
-27.609455737156814 
-74.19759477314899 
-108.4328221255421 
-62.08658256089571 
-46.514148023150995 
-32.28140156711377 
-36.68386781102697 
-42.932114516634634 
-50.431362761289854 
-88.06786102284393 
-31.23957632676681 
-48.95648695800775 
-76.68892859506296 
-72.10221059506497 
-55.82644170744013 
-67.24209665569288 
-78.77796366867209 
-87.88336420386344 
-40.18701846247131 
-21.14352215311299 
-62.227646052455476 
-81.11406173642878 
-77.03876306848589 
-46.640485738452035 
-61.49324132418658 
44.86407080875337 
-84.92836539565471 
-100.35816039486608 
-83.46670014813307 
-31.368434781175132 
-66.88021579038818 
-62.05023446773399 
-96.56324941005256 
168.06191736326753 
-93.6377933381102 
-47.605210644761875 
-71.32789668480633 
-54.090800942847565 
-69.56548963057848 
-64.34569765904558 
-87.88979444899773 
-55.11409371887916 
174.1709020486227 
-68.6083881212282 
-25.13250596044189 
129.47884287389826 
-70.43217697293893 
-75.51368216633668 
-79.50498030699782 
-60.56719410401471 
-90.89160200213955 
-93.85635530254191 
-65.76751310210892 
105.0001396695722 
-67.79560044748493 
114.08036910607703 
-69.27006216000038 
-83.72460696958188 
148.24033768846664 
82.11159593827465 
-48.61475377388158 
76.14870990327046 
50.532224803013335 
-99.58071863103602 
106.37789424520315 
-24.893145651969885 
71.10506516235012 
98.33899513925616 
100.26724593618651 
147.2972303634069 
122.55008826053404 
168.45566940025896 
169.0603372739708 
-77.28391818595422 
57.813173358045404 
113.34631796714076 
77.05515738824816 
84.69371272338104 
-90.26087912948758 
-71.72451243450787 
175.61875426566522 
-78.86318849130654 
103.15537036951876 
-38.141928607350565 
-78.84110179172944 
51.05764575383076 
-58.14604970172529 
69.69899176214416 
-53.886290185466 
-65.75277412792263 
96.35386724979686 
-63.97017772863873 
-65.77155762087496 
-62.70221502325927 
-44.09422890617638 
-75.21249590004923 
-69.9551286554069 
-71.07393740381232 
-80.47615957575965 
-97.57931457568667 
-75.89970474725015 
105.6819768851403 
-41.270715498468356 
-70.66270627846912 
143.0722805826409 
-115.21063059175503 
-94.60332167779517 
-39.7224880392881 
-46.80880527843388 
-87.017464245557 
120.08597646412076 
-60.71134342867659 
-95.93861281484237 
-70.71118908341775 
-81.19260808275683 
-80.091399427862 
-59.366890147347135 
-61.78115727593951 
142.26605750694458 
-83.85945654585927 
-52.03097393436706 
-95.04585127884525 
-78.85305715189976 
-67.50326566062849 
-52.084660731633704 
-53.06074273183522 
-51.12669499238451 
-81.72078237472911 
-79.53046079213863 
-82.4239709366625 
-39.9941097157828 
67.29983936088162 
-59.75057900951431 
-87.03461856221477 
-65.22948981693071 
122.57069996470901 
-70.13208345936833 
-82.31669572712931 
-64.07793545175389 
-75.34077557197239 
96.96475040546714 
-136.69825895393518 
103.47086722563125 
-98.64878362860112 
-76.58303545004483 
85.33865822568686 
-91.90087244909652 
-79.9006624670619 
-97.88258975128198 
-62.516553225421596 
-42.9953969054435 
-111.57292800497169 
-58.44283340190047 
-77.00536228094252 
71.17818023132145 
97.55561131513211 
-86.77260707128336 
109.77409227798499 
-80.12370421915622 
-71.97360360357388 
97.4765591585792 
100.18300882141838 
77.90650954777279 
50.53001551867931 
97.81768040382542 
-74.31116904543815 
-67.3057344572502 
112.79871621640598 
-73.78412914703843 
-49.93993416154633 
-72.21950329479563 
-80.10307305640714 
96.95443775804436 
-84.04690365806435 
-26.60833473846025 
-48.338698013079 
-57.34581905291999 
-80.53361038043654 
-64.22812599319542 
-69.50863390318924 
-97.96975714630565 
-92.85607856547315 
-65.35882686749572 
-60.87953205083983 
-83.66641632962208 
-56.129569127984375 
-76.64163544511119 
-74.09186568366293 
-76.03512530176461 
-72.80918924923019 
-47.84273114030356 
-67.07561648290293 
-55.357263035284895 
-54.17776464391917 
-73.02615910055877 
-79.78032942477547 
-106.86286939441602 
-41.60133668037742 
-72.3563315950595 
121.19998827181145 
0.7971316755971266 
-69.43972219371598 
-75.42347788960373 
-82.12470873145013 
-114.6263135842454 
-38.837784985772856 
-74.42119583565932 
-95.324530867515 
-63.03207796114793 
-87.31304580985906 
-53.724456080080934 
-36.93771440545157 
-74.52570969149588 
-76.19912161758744 
-62.17635678218785 
-62.47733121173754 
-99.89502528275693 
-44.298785171555664 
121.5979805487566 
-35.51454194191854 
163.5719283919606 
136.59622464040328 
-72.59475070727575 
-67.38182775977893 
-95.1037543058749 
-62.45369006787428 
-59.1599550761795 
-70.25458954495706 
75.34633456371343 
-51.73245850932838 
144.22660500755424 
-69.37597539372219 
111.13197155765742 
-72.20477661096207 
101.41228636454468 
81.75710326367278 
-73.77022907387313 
87.20409320440226 
108.02100734871792 
74.05375675345019 
-45.05127225868816 
-56.396214754888646 
-65.67111777981826 
-55.27231239913292 
-64.55641563295478 
-35.94237695966404 
-54.903289733748274 
-58.20807107717749 
-72.8805381529016 
-74.8969893611761 
-99.09878990677561 
-32.22918410072272 
-78.9968341763074 
-53.47081432955153 
-90.50064731683754 
-96.8696242231812 
-61.25329258850229 
-82.88683644964158 
-88.40443458546078 
-41.39812466100337 
-40.20618806971809 
-69.623619684621 
-61.08256080239101 
-80.4570939282339 
-41.0902043921822 
134.40585907716778 
-49.484801828792875 
-73.74292287423701 
-66.92734780766494 
-57.38780933094496 
-62.80678271673549 
-49.689036913462374 
-64.03237512782025 
-68.80267837336986 
-47.85503143775717 
-104.69205734485956 
-56.35345159752805 
-57.39887124419788 
-69.75226031285902 
-54.73272671709471 
-91.49881598977514 
-64.23435967010886 
-73.94499653527785 
-58.44826635846727 
97.38101976808943 
-52.61402367294804 
-64.52251800003843 
-79.9270050330706 
-70.14835898354909 
-57.4840284309483 
-124.95142622403881 
-78.24938629889381 
-86.40079755599876 
-84.58146836067203 
-70.59023579123044 
-58.945072196673635 
-76.15340008958597 
-58.38748446259204 
-75.81863163984568 
-47.52266920676398 
-70.21284601062116 
-68.86857699544161 
-60.14485014185657 
-49.30184566124045 
118.01954714497943 
53.59886181076887 
-49.061066509717506 
-67.88588158181012 
-55.60620969485912 
-71.48668919785806 
117.29256353967564 
-41.28732940005519 
-58.21289530987776 
-84.13109802852706 
-108.18179869169397 
-87.40470910781977 
-89.96461821791489 
-62.52291550830231 
-66.27483773918387 
-41.85936740447455 
-87.47411105724116 
-48.440267288061094 
-41.52979908742438 
-79.49137695112249 
-67.8930282720936 
-64.53488132380096 
-39.309096437445795 
-60.55519734959011 
-76.44292934709523 
-95.69857855318733 
-68.2485303926539 
114.53754220225737 
-73.11376946493353 
-60.585353605451694 
-62.532545376923174 
-75.6964304167446 
-68.82021001421936 
-94.09413569334393 
-111.19139078233329 
-106.40143796395272 
-115.49069347962394 
-64.6536010562858 
-90.69983385123157 
-69.2960407468844 
-27.795912800845006 
-46.055310236506585 
98.35502537220984 
-46.135999254779804 
-99.5683470551686 
-59.56709617725604 
-55.4211899222445 
-76.76467029814222 
-66.3356822116257 
-118.94360948669161 
-90.71437014485697 
-61.1908996273077 
-83.46580728821192 
-74.41926100268151 
-78.16280014098709 
-56.73710995707739 
-47.68137396796812 
-56.136018686518305 
158.2909017616463 
-65.33966591095849 
121.26253021885447 
-84.7600871313845 
-96.31480010265363 
-78.64399644314601 
-85.92396619786675 
-40.68232082759049 
-91.69776505665283 
-80.76146677180255 
-57.978906555661396 
-101.63410844848816 
-66.54831077185209 
-78.11501093815262 
-68.27721930825331 
-74.23271183304666 
-89.98364996649575 
-76.1032229486949 
-64.47418585044385 
-54.55375987293607 
116.65403215050503 
-100.785805552836 
-33.305296721766545 
-55.136770775898626 
-71.62859510654151 
-73.60759595219305 
-79.012247958371 
-80.3908448721815 
-38.24442572733882 
-68.76409317101587 
-73.6762488703973 
-72.72234060459286 
-56.12011218978552 
-63.111322327161275 
-54.58565920704189 
-55.087935459054535 
-74.32820644601814 
-73.10193724442644 
-28.789081618614166 
-6.190397136971966 
141.10363320651612 
-73.1657528162461 
-76.5276225145576 
-54.41347085565301 
142.73833753408067 
-82.64366805213632 
-48.5239814097181 
-85.70961978661903 
-49.904578252075176 
139.5114893347881 
-75.25881436083445 
-77.77446845734701 
-47.654911879914955 
84.50167823993324 
-84.34363162746591 
74.88168368865486 
64.45010396276086 
-57.473030602853896 
-94.39633731029552 
-49.94881084884396 
76.53419562935339 
148.11288772863597 
-47.27222621257995 
-72.25883057417906 
-77.08346903162474 
-33.00759240908477 
-77.88707831659282 
-79.82053505144448 
-104.70909569224219 
-73.7421394163044 
-59.239403371900245 
-74.0485513663312 
-51.823934793011716 
-71.82640149782183 
-82.4704018343617 
-69.54274933955365 
-87.11695205200508 
-77.16691844112788 
-73.01872773775278 
-70.13065119678978 
-74.14545560661729 
-61.25806462491911 
-73.0880468929298 
-99.70365718714137 
-102.50343609237791 
167.51858140746913 
-74.08460629621358 
156.36756852090758 
-76.01647229219421 
-81.96063611866525 
-56.05209122367829 
102.99436316479692 
-89.51789114507369 
-77.52976925831697 
-101.67740201360887 
91.61007806539403 
-51.19281670554551 
163.4220576543675 
-48.223910346357975 
-68.66872124414505 
-72.06378505720873 
-62.07453764092723 
112.99850794078615 
-57.75311037227739 
164.9485725237626 
-81.21950766579539 
70.5461386381118 
-85.7381452894862 
-24.839079451316653 
-100.77454804903965 
-109.95586282284775 
-74.99159670329172 
82.66787278584701 
-80.99805789362827 
-66.5512982340434 
-51.73378326309498 
-73.5591449412652 
-41.91640510447589 
-46.82215372725793 
-83.70514674272863 
-73.70970379639313 
-83.5327735441691 
-74.82620063645771 
-89.63006003486561 
-71.76025250845427 
-39.8746482212317 
-38.64349510974112 
-52.81184509128325 
-85.40834398500402 
-76.08422057881955 
-94.26066181903994 
-90.02967724624898 
-51.48131939019589 
-57.08599397135129 
110.62326613183598 
-87.18122284754669 
-94.51087217408485 
-49.142258655963644 
-38.940079065720106 
-54.80753849897786 
-74.42261938248132 
106.24429525389844 
-70.86881648923618 
-70.52028274370075 
-92.93039236689587 
-64.42874138557063 
-81.44334451297344 
-83.78360386124163 
-94.35752121999369 
-90.54479476889829 
-55.8684115923839 
-94.72249181867251 
-63.92415760021041 
-54.12235287175702 
-74.65125026711847 
-63.34340888025972 
159.647259243854 
162.23307392663858 
144.68618773248653 
-60.35501156825999 
-59.479341932540905 
-66.5523276936414 
-69.2890633561267 
-65.14240581266262 
-69.86817196461357 
-64.5973110347514 
-81.15355584051028 
-40.36667231398302 
-85.41749794101075 
-57.235688959427435 
-81.84918719754913 
-72.78939197997875 
-76.4591385580867 
-54.027219339084674 
-72.75403626587692 
-53.918707865752495 
-77.2182668356122 
-58.087958791074165 
-63.51496744945841 
-58.077911272959895 
-82.74376288727478 
-61.40704221636869 
-61.7495948324324 
-95.57390683917444 
-69.00362920999756 
-41.385574645424235 
-95.7359836136424 
-84.8812753832848 
-44.25709400146924 
-42.188397463396115 
-52.9212019118338 
-60.24483575741827 
-85.05190847790071 
-44.479739042733364 
-49.61081072484797 
-40.10684534094843 
-83.62126286618312 
-68.44098737371216 
-67.03828769303648 
-69.50888017178308 
-75.64926629881971 
-79.93534195609688 
-74.16710038407493 
-64.01067219113965 
-61.52600338855824 
-56.43646004564158 
-54.722822824686524 
-55.56449037782368 
-79.19087109687497 
-65.20911321766515 
-87.13113774579297 
-81.71237851614133 
-39.65225114384616 
-64.33563960891772 
-51.60896695905105 
-64.06517151739433 
-96.33536682893475 
-75.80097070280488 
-81.02963681229961 
-104.43307594356658 
-52.37184204590768 
-69.43931592514137 
-55.10531165908513 
-65.24586938834382 
-62.657974237873034 
-79.54431134524134 
-61.73894398470862 
-63.87814825409652 
-52.14916485319146 
-81.19139000757204 
-75.75304274852046 
-79.16718840769279 
-82.12050670565573 
-64.06962112955406 
-98.1385248491094 
-62.319797774930294 
-40.448108831474656 
163.48790379748306 
-91.04478797421909 
-73.11462071382336 
-68.65850423711674 
-75.39702152830958 
-70.8891585685586 
-72.09534647659405 
-74.67107790123347 
-39.42395347924101 
-80.9132888886573 
-31.716962636576184 
-55.60114715642939 
-90.7874285455246 
-67.72715586348022 
-73.79139142644387 
-70.36315010025157 
-71.2027209360481 
-63.702669258924324 
-52.55293918880586 
-78.09573866154595 
-65.55154597244893 
-80.71151000819458 
-70.44773687881973 
-70.48115056006914 
-74.3039898871457 
-53.75025905385554 
-65.0001442048865 
-63.676186992317085 
-56.384333462081315 
-69.63644008173661 
-58.96583645502919 
-50.182304970076 
-79.09565205189992 
-73.91145888194157 
-71.63418456715075 
-75.75006835761239 
-66.36937388079706 
-37.06243598471712 
-49.70870254679769 
-71.13134758700451 
-55.73675382844996 
-92.97720299192844 
-78.97637257498334 
-82.571955800405 
-74.38043980474873 
-62.52743089321925 
-64.19678158963636 
-48.58781904178395 
-70.25674828814509 
-71.95590969897121 
-42.43935321171825 
-63.70672475685239 
-41.88906525380391 
-73.13034362242523 
-71.08104105846964 
-178.50706416564057 
-65.549325831797 
-73.05695548208503 
-79.40636754907612 
-44.51618306118151 
-66.2738980351609 
-70.97243202254212 
-70.60391082756355 
-72.4632587588094 
-57.87681822796721 
-60.0418873758122 
-79.64334995152073 
-49.518880457681405 
-78.1877487474918 
-50.72968233368727 
128.52369445002876 
-49.195421672795995 
-84.65297118744652 
142.7365150439158 
-91.84786104170557 
135.24198244045198 
-71.31577945359983 
-40.20371104996764 
-88.16082538228495 
-75.48903381430112 
-62.77075601529087 
-75.04222620744737 
-83.01152101901039 
-73.29108306444579 
166.0627488955071 
-72.27661395174519 
-68.91983198505633 
-66.47454412567103 
-77.28628401270159 
-82.34541173345251 
-69.81664308705699 
-64.80462449677957 
-71.41486335813805 
-81.25235159594254 
-49.47791228942457 
-75.2026878962749 
119.33407055810441 
-89.89603826965826 
-78.08413554032535 
-80.17226445612349 
-48.1460945782148 
-55.628776845776315 
-94.41605011905158 
-85.13855515611937 
-59.21634508316927 
-76.01164167501032 
-68.35285848586445 
-84.18617554958493 
-73.94920348018456 
-80.44724461491109 
-69.66061224719049 
-70.93131495205732 
-79.06455930543157 
-89.13781730050756 
-50.20427027413219 
-67.88010009748828 
-83.20123157045533 
-168.3304147646958 
-142.69436639547132 
-74.56709093445211 
-57.383254350193624 
-92.59526925607084 
-61.05175675326471 
-75.81472941476778 
-20.941510013015442 
-73.4244515663707 
-63.43602045293942 
-93.71128231126956 
136.88545510354425 
-102.17101766733064 
45.758798392060896 
-76.90728072184622 
-71.06765617809455 
-77.1944838899652 
-84.20543917176578 
132.1588880854091 
-78.27463530033206 
-95.4421864914244 
-83.62902490040184 
-56.83193641903995 
-64.38238270377624 
-59.710217524032636 
-96.98735871370152 
-50.096373507518926 
-63.38009534919443 
-70.77587044210104 
-43.86469625241931 
-59.70422999063455 
-83.36073262100713 
-88.42122750852053 
-104.60157748292838 
-65.74180650061804 
-70.35999631250503 
-65.22951565701192 
-79.97790593910838 
-78.86707187982921 
-48.59278986809632 
-80.42321685110652 
-70.87610836960886 
-73.93776010616907 
-67.31971772120292 
-77.413188897368 
-63.92144862407474 
-41.690433843112366 
-58.45456655428159 
-74.437869727428 
-57.710783997887404 
-69.30685087007254 
-56.69855595560587 
-73.54781125926563 
-39.86320403070223 
-59.37773536248192 
-48.912653529751324 
-92.6928995759787 
83.99440933226414 
104.1106381849209 
106.10223637561064 
-84.97148546300188 
-76.41711896131758 
-76.87183723455715 
-68.92506267349178 
-59.55704502221946 
-42.29848738351705 
-77.63138313085591 
-46.980458994641154 
-73.42164650330362 
-54.50768346560575 
127.2990041844663 
-67.49782382095957 
74.02620648344046 
64.19979688976456 
-85.90801667812487 
-49.34027745990008 
-86.82052909793117 
-85.62564863238188 
-18.3029617419506 
-69.7855729931479 
-94.69117770921171 
-97.54750514066653 
-73.36992833661434 
-75.00306649210424 
-48.28535404830712 
-101.96297328627145 
94.5251113790481 
-71.91841697053287 
-66.70035248318226 
-50.36811661033409 
-87.30469099452618 
105.91017606534972 
-70.93426489032291 
-61.20655346170518 
96.70918314542239 
-81.18389810257236 
-52.26385746371577 
-72.97129010299221 
-85.95839216923126 
-74.0599273307574 
-67.16266581669375 
-72.50094257678758 
90.56437126054706 
-95.28871345616538 
-69.18281043495794 
-71.99299365140575 
-93.36660371537593 
142.15755919238615 
-70.38984138977878 
105.12017742517897 
-39.0537626138338 
-52.63350284880271 
-66.20066028838882 
-56.509117405269485 
-85.76957580210677 
138.76006921941092 
-77.1389860515647 
92.30420519419344 
-59.070837056339215 
145.50507319242664 
-74.05910113042707 
-79.6011750732284 
-85.23392887240956 
-68.30241588784361 
-90.0659652401935 
-51.83237197378356 
-42.297664534052316 
-42.54090881326683 
-43.100258603605404 
-176.18205586028128 
79.71628313647732 
-42.95962793470333 
62.50582041672878 
-87.48434204842916 
78.46841055852258 
-54.894715062728324 
-73.31817438384653 
99.05523184578495 
83.84444881011311 
-73.33336278436204 
-92.02829979148919 
62.89013049527866 
-83.72017238699415 
-69.55077001399273 
143.8392615268004 
-35.50703502979628 
-64.26373637530507 
144.1543647732311 
-39.533328319155586 
81.30558675741088 
116.29319858933484 
-85.02281314610241 
-80.99050090610645 
-66.68054436610265 
-80.40972321665309 
-44.260739292494605 
-63.46076416315821 
-81.81016083003347 
-66.80336824513851 
-89.36539002438533 
-74.35498894786902 
-125.26594243441632 
119.51967022441623 
-63.037030001119845 
-47.6024579937148 
-92.84998729362123 
-69.12841527934422 
-61.73223641430609 
-86.09549405435303 
73.15768347523087 
117.15915781912109 
-89.77851005993547 
-85.22220592752258 
-89.34446459329044 
-98.17357345031449 
-77.37270060664096 
-52.16577443845168 
-93.69745198823531 
-51.370353636073425 
-44.723202026224804 
136.28377417924224 
-48.352281957119715 
-75.08870771675079 
-70.70271821300251 
-79.32485837941888 
-47.73767094200555 
-18.704095936616053 
-75.64079256400633 
-90.57106803812364 
-80.40113591292943 
-63.993958755461534 
-80.190455164313 
-68.92538952586321 
-87.82662498884412 
-52.992428991252424 
-69.79732342621556 
-81.3554199561161 
89.18567090159895 
-72.47376626641888 
-16.104983404080844 
101.46372882664657 
-75.83225111506533 
-69.2568065951557 
142.45718372288846 
-75.80606771469115 
-84.06256154647292 
80.73124719049446 
-53.276204008615714 
120.31429366371802 
-66.31625738641213 
-46.933658597949425 
-83.97395256088654 
99.55404534246169 
127.60965809061405 
-37.75009321315583 
154.5616479302838 
-41.3461532829881 
-46.51340199487387 
-59.799145513473086 
-66.16391436377185 
-51.37338589890724 
-80.00611902328725 
-26.969876268126544 
101.50806762991938 
-88.10970443708787 
-69.63000232347517 
-77.08168896591074 
-87.836468896535 
-81.83900140041668 
-78.15777185468855 
-177.73981847061273 
-86.92579778078047 
-55.73750478623432 
150.44073543713498 
-99.81879116669411 
-33.23844104213289 
-51.659827794151276 
-76.46335596289121 
102.71899801169057 
-68.79999420616238 
-88.28040402805492 
122.76247898670401 
125.23640124916858 
127.47862780281584 
-25.642106324165052 
130.5428466766777 
116.61361367085514 
-60.67274178302628 
-75.71148965909097 
-70.32002339231171 
-70.18846597257733 
-39.61949847205189 
-46.85624072978862 
-77.43466121323107 
-59.57561304617701 
-49.992127447891576 
-84.43255013013189 
-35.6585860570038 
-76.60822009308775 
-79.24813003735744 
-83.84114435367992 
-61.718660660893306 
-55.1286698267341 
-67.31820755271112 
-79.31209819571549 
-81.37446133057936 
-91.8778067494209 
-46.227835739952326 
-82.321124039128 
-20.535372537722584 
-49.92967477012525 
-66.89941327992992 
-44.17692321432646 
-76.86118692011824 
-75.14534511701306 
-44.69178543613067 
-54.586002705936494 
-69.91223723650177 
-61.57951236030247 
-175.87725093784118 
-75.58255435524153 
-64.71479964975883 
-51.10022541505303 
-65.20426764242971 
-97.2576552430649 
-68.88840095596507 
108.1413547383735 
-81.5164498172581 
142.69303661984486 
-83.40878999448755 
-64.81085601313423 
-51.82816831449178 
-60.65549563903578 
-88.4569247674711 
-52.38143091447801 
-61.465960691306954 
-63.85552207389541 
-69.86384950883631 
-55.978568475893596 
-62.90239335092502 
-84.07593284132047 
125.91224629673064 
-66.68010125002411 
