172.2968420665113 
-165.87293534069283 
153.26600343226937 
154.74147710670718 
142.6130613033587 
-178.64434510143346 
174.04324501009228 
-155.17898067847645 
145.82934447977433 
160.94335375360504 
162.93928842132297 
161.17846227255617 
-175.5302778792899 
172.42982399579583 
-178.07177284239066 
-178.86677199044323 
175.14437071799352 
147.79054992124458 
143.75300546393674 
-174.69881236502405 
-165.53933400386043 
160.3559740942598 
-5.864345321213805 
29.43431483477581 
131.39364196301258 
163.61048218023464 
-171.17343011342118 
174.05769262394298 
3.9515132201824668 
170.27541298680572 
-170.70217291804315 
178.8153620036254 
179.890572313855 
171.18134375367228 
173.61898526694668 
167.55381296903036 
-178.93287013467562 
168.0663198539536 
160.43949424928823 
-26.953480472940083 
166.5488922885444 
-176.6778809348859 
174.48626622689005 
169.55944447068092 
151.33021740204484 
166.07705584213357 
164.7664876962227 
159.01682861460662 
-8.53757476113142 
174.39966617230084 
-160.93128873467364 
175.68485881995406 
143.9000725490003 
-18.34459491843551 
-168.61797780976178 
-22.336973789102924 
147.88513683521293 
150.3126608029566 
-162.12848970967252 
-175.78954488722354 
-52.70190814620462 
154.50699631894665 
168.7978997110142 
153.5519212370954 
167.32205657755196 
-165.65217546630444 
-168.13640060890427 
173.97476935082204 
165.04908098273276 
175.39165305101957 
-179.9671171890671 
-155.79448522916007 
157.74640639586426 
-19.79529702885219 
175.62477558529054 
-38.4434562137236 
150.81856962012444 
-60.609530547777474 
159.44739607823135 
165.3519284433839 
148.65481200123892 
-18.98901903451228 
178.15148626452944 
141.16367050425285 
-172.61577713819926 
-11.325351247659333 
-25.99731449023897 
-9.562163506695105 
-22.420727682634105 
-30.71349785763834 
-45.652550936370766 
20.067689226337485 
-31.315127880667124 
10.433466705422669 
-165.72763776459212 
-20.048331303561625 
-24.32565031634923 
-20.089824865161393 
-40.062133624089576 
-11.245190623640607 
2.9615346903531417 
172.2241492106992 
-45.466331568434676 
-14.328675555260999 
-7.986523209547446 
-40.905751467406056 
11.92125249255888 
156.19997965987753 
177.08101111976808 
-11.678559151694202 
-6.2064749853975645 
171.77663722952133 
176.73945366469496 
-10.62935664622293 
-21.61766320350771 
-10.341808672869842 
-40.03283913028813 
-0.6265472424949148 
-1.61243152531161 
-1.2934496439387737 
170.7456541128938 
-42.3302830657395 
168.47974293458603 
-24.00407560287929 
-176.60198263280805 
177.45017151420384 
4.489771675114784 
-24.76384898899567 
-160.84664598495695 
5.653180158680861 
-175.04783309232823 
-177.9694375553582 
-8.048849538453032 
173.60754313029076 
152.01321597482524 
0.06516748419172692 
-171.99440648689628 
-158.6899089610556 
175.5022679564365 
167.2821666149332 
-13.399472405010581 
-9.051150667148761 
-178.55317554248526 
-33.76139955875285 
164.48997392123084 
159.62800229920794 
162.43309973843833 
-179.11701037842545 
-30.979396478842894 
-34.39706248580555 
152.82621725475872 
161.0457383483161 
-0.6083647408481303 
167.19268581724805 
4.796779912667408 
5.885182083671537 
-179.64791636311043 
160.92240057686678 
-18.41449517737464 
156.7385348346326 
-9.128906705037792 
-158.42737457440904 
178.0632009566585 
-2.460376527927034 
139.94990535297993 
-42.74753510593707 
-19.742742452338547 
171.04135133309367 
171.02530261610485 
142.51789670362743 
168.05348205015505 
174.44308911045434 
152.81093865385907 
178.4261233337733 
166.82226083031 
165.6867110304997 
174.60813682532824 
172.15601999536713 
171.69948395011156 
176.69568726795916 
176.37911539323184 
7.51245875163564 
173.9616457730765 
169.4179312206672 
159.3407072433555 
-13.76748728438374 
-179.96639610408405 
-50.21342401078061 
178.1717237389971 
173.3082027639643 
-34.6066949595069 
158.70110675697538 
171.61000148701808 
-12.855006497436461 
-25.269772745646392 
-22.75459556954584 
-149.8818752982158 
-25.620066531174885 
-18.630114647249485 
-12.959310862956439 
-1.5508490716683392 
179.2924448815119 
-31.162392649737185 
147.37771518221757 
-31.80320364251983 
-6.1899295951668405 
-16.683064431636552 
-68.49926167027868 
-5.9002018902338795 
1.970051725599719 
166.14080436756376 
-5.301813116765933 
173.16652789771373 
10.479776526417123 
24.428578784852416 
-38.69571944835442 
-13.836906961608548 
-47.89420054589589 
-41.55409265503407 
-10.528448024805025 
1.5392310251475263 
-13.511194095864695 
-6.953620532413012 
162.81622458774538 
-15.76954457961035 
-17.4542562113501 
139.21875460997106 
165.67127240777228 
160.61941601895396 
156.68772524657513 
-5.642952481783787 
-31.568071148592146 
-14.090663570515865 
-19.689484800432886 
177.2504329469187 
9.046700089873685 
-4.839160782907932 
8.233832151722801 
-167.17606900359826 
-175.85248739264114 
164.00533640403165 
142.36866422025875 
-26.80666444555222 
-10.150664829733369 
-25.715709489900487 
-172.07070173176524 
-12.05602011775466 
-13.974491849120177 
1.0687073785086458 
179.94040303129967 
153.77988000338257 
-177.97344390433258 
-14.640842833652975 
177.1212566753794 
-175.6118449748101 
170.6767181441492 
-10.337510356318159 
175.75603657323578 
19.514357772735696 
-14.92439134728738 
-38.79374524332897 
154.2737805160635 
154.9111149106289 
-158.97913231370873 
4.293149826722179 
168.91315080468385 
-177.32587012952476 
152.26780141433062 
-37.266227974145124 
-10.50465958998147 
-16.931817724843782 
8.07853940305977 
-0.6680015419564168 
-35.916474463616495 
16.927005170452347 
160.18784285335374 
3.6555040228446756 
7.533585069578319 
151.00653513834197 
175.4603112795144 
-4.01397828898763 
-1.7448074850799324 
-176.53959250228982 
179.18763128794973 
0.025894597480735505 
-13.574885231207324 
13.700537456892826 
-14.835116832139157 
-30.37003376431189 
-24.808571267524385 
-34.95897103820278 
9.9226365878662 
-41.27261736762139 
6.5094008607657505 
-32.0448747685164 
-59.95778279285508 
175.44935105934246 
-2.3454899345239295 
-27.50642186249747 
-2.6617759224360333 
-145.45573025923477 
-9.159620996970194 
162.34311651543698 
-6.026822509725619 
-30.624226532658945 
-1.44866108818408 
169.24315721016757 
-19.023216382238285 
-170.00351441842557 
-19.49743449215428 
172.6366572689782 
168.9960569462682 
-16.508603125765802 
-11.701102511112111 
-3.1561820496030313 
161.34969098903676 
-46.86141798021794 
-51.771953401765245 
179.59409339319154 
161.48699367798915 
174.28407724857075 
-167.6337400808465 
174.54193665181523 
-11.550536479699694 
-27.77449326925858 
-20.36130732270799 
-17.561580074898814 
-2.2724686975297566 
173.88153743956047 
-33.985491375798084 
176.43920927523828 
-7.692804221473717 
178.82370979075088 
-178.7266840471903 
-176.01749705252726 
137.450430741222 
156.75410193205673 
-17.855626444947678 
175.83486000229522 
-25.009108134092905 
-175.4489437127171 
-13.819150169791296 
-2.4712927934583098 
-167.37636545174223 
-166.12714935122293 
-177.04556155358577 
-168.4301163830453 
167.67909811874551 
-167.35885942786499 
-175.34438857636627 
-23.04237540319114 
-179.34372023708772 
-20.903438746470957 
170.67715005564764 
-13.995480368939155 
172.4049559642025 
2.942992294988682 
173.5947939707051 
177.83419892326685 
153.43235600710378 
-175.6696862956758 
179.05366734525666 
-130.90854399738598 
-3.4719002962471954 
164.52783715840187 
158.16525099709443 
-38.24447970305455 
175.1239699820454 
-20.031241887058627 
147.15152170723275 
-28.226358227995828 
16.34061944390048 
176.82415760054786 
-3.1511004603355035 
-21.457722150884827 
-172.55869737011764 
-165.1940737308996 
158.8157971416794 
-27.78913240747553 
-28.7270728891896 
-171.84191501667618 
1.5621081613929382 
-45.73054274117864 
165.39112853395963 
-174.91170660502374 
168.10395679581094 
171.43223674630272 
157.37711743252075 
170.8938602959226 
-21.327055009110726 
158.99303564398065 
-178.41027355263398 
-12.71732249228019 
-17.719480218537246 
-24.99230814164989 
169.3406593069288 
-19.64475236749105 
-16.772756583564252 
-22.137267275164355 
-25.522462242704226 
-17.82429876426498 
177.65984300583156 
-8.72529943831727 
166.2783924079642 
149.21380256031475 
176.38869099680377 
-46.87817859507131 
171.13910645053414 
-148.7056856656541 
-173.66833667357724 
147.6067938470027 
-15.030015544013741 
-60.10395013216442 
-167.63075485822333 
-167.36577914077398 
-23.461707982144198 
-29.167745741341548 
165.8114791929227 
1.7354527612135624 
-56.57336790663463 
-40.629340228460755 
-13.381108627840268 
-29.246832579984495 
-160.58713759310046 
163.78107114456358 
-15.44706240142186 
-164.31256715085559 
-175.2581319187053 
173.69082856575912 
-4.8644392083038674 
172.3319129536988 
8.983842922280187 
-12.438315224229356 
177.49113963186667 
7.751855760590651 
162.55755422141758 
149.84765890973588 
-159.8298568336952 
-174.06303506071495 
-35.76148433803632 
-35.11466819586197 
-69.61396540165453 
176.83683083104603 
171.1986694272279 
-18.264691258177784 
-28.065210159163126 
-24.149601801160173 
-8.121595648033908 
-16.307847323351314 
30.904847189285302 
-43.15628105427662 
-28.289989402563062 
-24.733530788631956 
15.426828505858284 
11.408599119866949 
-5.932981946481978 
-3.3457534571199945 
-15.599497032227662 
161.90064479118834 
-37.999167331034236 
-42.96751254784041 
174.1808594727322 
170.36875226135462 
-10.91636046776169 
-8.163928426326661 
166.29976384126593 
-33.39829851456607 
-25.155504146040418 
-41.86065115204287 
19.543043775111503 
176.0685553465891 
174.51661352793087 
-24.170672247575716 
158.8447133450523 
-22.551950567215606 
-10.373949202442477 
3.3035224447621845 
-18.42322358337692 
155.11883549794618 
-14.090642392651322 
6.877673570193921 
-5.025703057417801 
5.470684047566709 
-63.90650234090814 
-24.83254873713219 
52.36920405822031 
172.70017755992217 
-30.774934241224113 
-26.731248522988256 
-17.131316704698435 
-33.81483718952011 
163.77744072129056 
-36.04328439139133 
-22.99150306649962 
-27.092503903034498 
-5.33504623259057 
164.23125624803646 
-24.96088420394088 
175.1116053649782 
-0.5630502741217656 
0.0005213488919022031 
16.590895164610508 
-1.6654966208546829 
-16.494203589313596 
169.4999372813879 
-9.131099046076486 
-7.634309727721577 
-36.24255829776171 
-34.47006271588978 
-35.916263786674165 
161.218138285834 
3.628344165600709 
-36.47745842036052 
135.79519742113717 
-26.417145784814224 
-4.362735352736398 
151.09476061922376 
-176.169106500129 
156.59722470801242 
164.03124620246786 
162.85618067629503 
-26.061804839740702 
-34.04089679628409 
177.97340065909236 
157.29887086071324 
169.4363844945921 
-0.07215814115035545 
157.67582931538055 
155.64817058282563 
-22.445632811810516 
174.68595941685479 
168.7644551792592 
179.1327602980293 
-178.59067342883168 
162.83005610192149 
-18.17008150804121 
-59.698484514321784 
1.0686624434862702 
-31.845314895789333 
-30.94964593383383 
-165.43266287772784 
177.85878729515207 
8.688304545942147 
-48.58711170212093 
4.036928345500251 
48.107621857325135 
-18.265277434951383 
-150.03862853956983 
-25.123888396967153 
-76.23815719775457 
-29.826273961467678 
172.76767593076698 
-20.198475833859632 
-2.8877491450026054 
-13.676911383622908 
174.60673255086112 
-11.945443274712654 
-30.70972240066736 
161.7145309840906 
-1.2244280888884735 
-8.989404650974443 
-14.462816879936193 
-33.9134766903367 
-174.40125115287248 
-46.41904141078609 
175.03746804484524 
-172.43912044452892 
-11.70046254111352 
-176.4789779983184 
175.81634980062182 
-175.64026871378482 
0.48133327321258196 
11.463889206773295 
-6.092507403645363 
163.37283938023626 
-27.28462500266347 
-35.29893610664748 
-8.774444652710924 
-169.04646389840553 
-32.031817778037464 
-7.375198213202855 
-11.004210864233706 
-14.037254202066462 
170.65623522981014 
-43.79558314464421 
0.8705356176083274 
-41.02174392080409 
-166.4728982956343 
158.49229855180943 
19.186709928534775 
-7.509815782708505 
167.10586188886774 
-165.37580379814264 
172.0835290434435 
177.51168488507528 
-18.54742879589585 
-166.97689879892988 
176.69298204580994 
-167.87394568393307 
-30.524513333625542 
-164.28966690558906 
152.32189606653168 
-2.6517205561426596 
-22.51430539681067 
-28.771447517160805 
-11.624578619743534 
-175.3317426225835 
-168.9816591362136 
-4.465026174040421 
-4.141630474191829 
-2.3753657098858247 
-176.6232542281617 
-158.3146895701813 
-174.07069955293784 
154.8195766212345 
-172.10006298877468 
12.692121234072422 
143.66723218602246 
168.12008491572905 
146.92597733733686 
159.86210655314778 
-5.7888612369857455 
-22.168434340929295 
153.7915008097805 
159.48836653344733 
-18.32605567968074 
168.56595978674764 
-18.900646305769975 
-34.73717991790136 
-35.66629434044438 
178.5000443086015 
-14.243325612245586 
-22.6779512881037 
-160.6993798716631 
-25.627117998764504 
-5.130739865574235 
-164.62082771305805 
151.0100824570641 
158.28753298485364 
-22.7012287771023 
8.271897425472527 
-14.289657399347101 
-172.1157876889033 
-167.69499389535247 
167.8131390385508 
151.6033340625146 
173.68280910086165 
159.5759304907204 
-179.3879800991413 
168.37538446559427 
-33.737967751389604 
162.80416240639383 
140.43486898426332 
-170.51979583211119 
-177.0309172933631 
-1.7031893411425394 
173.67604728237245 
4.873319271119566 
163.63205689493606 
-28.2274898199836 
176.61369510165846 
150.60138021716128 
173.97306039778286 
2.6742968936270826 
-58.32789146322655 
154.5591222163306 
171.1189117436465 
174.40391633622178 
175.37534518823963 
167.74552855098295 
-26.14381314086613 
-156.15028868425625 
161.29857722179656 
-38.404627303125224 
-62.00943358136374 
-30.890985011592793 
-32.48426359096998 
154.02853447252406 
-12.060508070194869 
173.67766058568702 
-175.816603152873 
160.43941452564349 
-22.0760010657126 
172.04537992980121 
176.3595600968972 
-21.771609118106888 
-165.68314998051807 
2.36098490106675 
154.36510629266743 
-3.9291141027638408 
179.28347718530821 
1.098303514842196 
-158.13537692215704 
153.0885103645586 
-41.365399197812366 
-170.01056614568958 
-26.872730833389276 
158.88082244753556 
-25.825051861262377 
-10.417757480357094 
-179.1301408057153 
169.49807594358313 
-8.799119617024553 
149.42803912661705 
-175.45434986874213 
13.838734195283681 
-1.7209954905033564 
179.0626923284723 
157.70262354753535 
-15.851715321944683 
163.20393603708916 
170.32588699477216 
155.685084506284 
-162.83936173439292 
-30.117046288533764 
-14.398472934691231 
175.9540082213288 
-6.501371653735597 
175.21789161865286 
166.37480159615112 
-178.87710643615114 
-19.698812275268114 
-30.946764869779322 
160.98676200061095 
166.21677328835446 
165.58928262559476 
15.056240092952322 
164.3002786184397 
172.44564347733697 
-167.63751373310674 
-174.16029707804518 
17.636768563494645 
159.80502060796675 
-178.11082254325865 
176.83002731295423 
174.01242007007696 
175.6505771379626 
171.55134797180978 
157.2714106033741 
-169.77749802683442 
-177.44296521381673 
171.6267393480968 
140.02519363255587 
-174.395214273761 
-170.038021911045 
157.3557651888595 
171.68501613223737 
171.9465276103244 
-179.31574538505188 
154.25173197802206 
-51.755625988119895 
-2.570821960873591 
-163.03903341348 
171.8167251635616 
171.7361309520876 
-23.10219596736702 
-15.032512711250687 
-19.28605715753445 
-157.0320048896178 
153.87310370282117 
-161.1780049964137 
173.492389176492 
-15.634089723137421 
160.27284350176285 
-11.527220019849187 
168.30761293155135 
-6.291737885337689 
168.05895653960926 
4.099521433828243 
18.249017503551322 
164.5358250567553 
154.77918193877792 
176.49460117611997 
-177.34646872071374 
176.3623255754686 
-18.31255417651264 
-176.546701581342 
163.8432112975112 
176.78449585470247 
157.61765542139221 
-25.115742474118257 
-0.20335532508245108 
-165.82748733877347 
151.57638840655096 
158.18837649914403 
170.59927552009714 
161.52500197869296 
160.77400965450738 
-39.017616471717616 
155.7335041693777 
-65.68804112045396 
174.94233431493788 
173.31856714001583 
179.48881738886936 
-179.60492199970912 
-30.370344321426238 
-9.216566941270813 
152.03760260409774 
-38.319841453382324 
-14.965368608438087 
-31.13991472854061 
174.2118386965321 
-170.5855316502031 
-19.247419668829423 
173.5683124026244 
-164.99169753859013 
-172.72475486358897 
-14.780003436406826 
-33.53633239192605 
-8.158603474099378 
-172.38958309657963 
179.69243267148445 
171.7822164089288 
175.84758862691157 
-9.13679435188167 
-25.928646515734346 
-43.342468503609005 
-162.0545767034585 
-35.34783964660698 
-172.82042189404353 
-24.387342266532166 
-171.8071749095392 
-178.35737009051357 
177.23825018151305 
164.5863410628363 
-40.57556471943649 
-13.893943562820395 
176.3177818536572 
-9.50130957175765 
-9.142458558358411 
172.9525529523999 
178.0497598024731 
173.13246319849176 
-35.826286895824026 
173.0378187168499 
6.572524470123438 
-1.0072039432601836 
173.76811441893273 
172.87974762545016 
-175.56575661212636 
-19.57435579064699 
165.67013995990948 
-22.250346540804774 
-12.502152851498483 
173.93087232568408 
-175.7712329275496 
14.806778950358128 
-172.86588096402895 
-30.69168389933544 
-8.317787523879419 
-7.218614994213006 
-172.8605239592591 
176.32633123323652 
177.8557483075057 
-179.625052498642 
0.5545496591222557 
171.03262764777452 
-26.898286979739513 
-6.994149355791849 
-26.72730761861972 
-24.452858615223235 
172.6436123127913 
-14.058589515635228 
-142.26094095262073 
179.01628692796956 
166.65976416456738 
175.82983247199797 
3.1957527232557736 
-4.641392992379461 
176.77098288980864 
-172.55077794742726 
166.86581109521137 
173.84665519154413 
-172.30209745784578 
-10.74559446760154 
172.74145866637048 
12.223113460536728 
166.91749798942095 
-19.650650768766102 
171.9853673431882 
177.00376744296457 
6.613593108512785 
-15.16716825751669 
-155.6898723983069 
171.76722888742603 
-6.757370275119192 
-2.2355452444577955 
-5.367071334510009 
-171.17991069062984 
-26.865949608114622 
-154.43519810994786 
172.54843600545962 
170.17188999357515 
153.09468662625278 
4.57280806315316 
-172.91409441701308 
176.65589019641988 
174.15911807169775 
-71.94224765753302 
-9.17470881867958 
-8.712335529021376 
168.5847502583711 
-41.68604435959992 
-27.338574814945616 
-20.251498505055963 
-7.869289669725411 
173.04963330724516 
-11.630649963414522 
-9.707814190516654 
-36.830916517561754 
5.177420680154873 
-17.78895084106093 
-13.21801484961902 
-21.445475628424926 
-14.610381501288575 
-23.373857608144245 
-25.690209039168636 
-24.893238799012448 
-46.477932635480514 
171.3016239168576 
-20.76757438143581 
-21.725697073754006 
174.57426870847556 
172.2969371199154 
-26.57100125713278 
148.34413507781545 
-170.83223447942984 
-2.45874142159393 
-26.073630251431226 
178.74914541845135 
-11.024029847348192 
-18.971163437015854 
-22.09034755665211 
-16.374191598213155 
-34.46934614454471 
-30.79824813489221 
160.55725690989217 
-29.296634846421185 
-20.265570129465562 
-9.124595360951872 
-49.14363108606621 
-15.067138192645679 
174.88870982408778 
-23.6140161919098 
-22.996453555170593 
-25.777737532870947 
147.67432809672846 
-7.139159964310404 
-155.5954346988038 
-1.5142979023812562 
157.61848016041313 
-18.979843319213455 
-18.50055178636918 
-29.3353061419581 
-19.600640115590103 
5.74705182296 
-169.46156254041898 
160.4410936391936 
-4.58788422247777 
-10.296936827511198 
-2.3426702145508984 
-2.4260159003081054 
155.9814732710445 
-29.995287854293796 
-168.79964036473066 
-41.05320361433793 
-35.960065900404715 
-0.9640325033147114 
-1.6549107618626204 
-37.70309607473425 
-7.215280759930567 
-8.572493674771263 
-14.53957729564883 
-13.585271805767936 
-33.244966106631075 
4.8570995376164685 
138.26759367928523 
37.44086061172176 
-10.635763045173826 
-40.09064131533317 
-9.531699021588585 
-5.674817998511212 
-16.64765982203412 
-15.965005922904103 
-33.63220168434127 
-39.49680490860574 
-21.2527145308145 
-27.822158185708687 
-15.402489145084663 
-34.74020582075357 
-65.87005140444509 
163.73704319835508 
-13.234252822631447 
-15.989470211803694 
-43.821469270335704 
-5.945587491136052 
-31.256047258484823 
-40.76749013742262 
-46.47556558430981 
8.266881036651164 
-9.718063053422632 
-42.417154949844615 
-81.5744723340359 
-26.1044632604276 
-45.51612763263463 
17.74567936240779 
-12.877070008110664 
23.582070401191896 
-6.43115724325119 
-15.43052832279311 
171.18518554274667 
-21.47007643698844 
-37.0337958522476 
-157.81296930348833 
-17.11286715970544 
-30.31696264892702 
13.891003503718535 
-16.663425177811305 
-1.2247632108731226 
2.9437598083462997 
-39.559905039233364 
-18.679845785106323 
3.5067918513473857 
-29.957201077978368 
-32.05347814209734 
-44.35565277686355 
164.24658884934522 
-17.193589941110687 
-45.15676978503377 
-48.39794155586361 
15.146843832664114 
-25.91177466927228 
-4.251364294971229 
9.426133643904627 
-152.81196575246784 
-26.308748576141678 
-5.826764370290293 
-16.400859485906103 
0.4062969514696509 
-174.36346221990902 
-138.8452714171056 
-25.768796529148815 
10.076225126415212 
-13.765975815458852 
-57.38003630990354 
-29.049339021383606 
-33.67328533684386 
-24.92935066093294 
-9.863593065743887 
-135.2545879223921 
-23.35619082462172 
0.37935784086968116 
-166.03342690305584 
-10.196419501115912 
-12.040194073619045 
170.64819979977977 
174.4851324955622 
-30.498163714911698 
-15.250231285753141 
164.745620385879 
-15.394366287657087 
148.05722847993667 
-12.202790583017764 
-8.568151544081111 
1.554728200057839 
165.55244436051805 
1.9450236925522857 
-36.0026019773721 
4.8543549575263105 
158.20184669827006 
-15.206917282715526 
-8.00504833284486 
165.23704758529365 
-162.3516508982033 
-6.1607123230573615 
-24.932880766657558 
-25.51082005075074 
-13.81963261439023 
-5.15569147239584 
-26.025148849916178 
177.05860025195773 
-2.4012033221675906 
-28.080182620772305 
176.59020841385183 
-5.157148367037101 
-26.913302232170633 
-17.36385054027839 
-163.7866273309128 
-16.973670233538837 
-12.295207658256835 
-32.25510931546062 
-23.665097648320764 
-16.878037190742322 
-5.0551444692766525 
30.456907033174307 
-35.31996909942545 
-29.315110992226455 
-6.347051333747778 
171.8782798170952 
-171.95378132403698 
-34.84533042333801 
-5.798786334086352 
-26.095688470266655 
-23.10068300154251 
-15.452063200288459 
-48.939383521027864 
-18.049591077113174 
-10.69184609646313 
173.01883815521273 
173.4676938567476 
148.0935345501147 
168.36963336671795 
-21.661450463620568 
-13.115066759249205 
171.8474587615268 
139.14703183237413 
174.70104059239188 
-24.066880671056275 
-28.545893406361607 
-23.08876298710037 
-10.539856446298284 
-29.523131476760483 
-178.67687142967878 
-6.557788753629318 
-14.790192439084175 
158.18964019940182 
171.37537426661123 
-25.584713531831632 
-4.668356137683026 
-170.69446115916566 
-21.230369981581592 
-171.86666005643 
-156.92677178294903 
166.83300655366043 
-178.21433524672085 
-156.79623415137888 
-34.96437639349853 
-33.07501729034415 
-33.137872829990116 
-31.834561512595716 
155.93852885071826 
-13.073103350606042 
30.05896094499173 
175.65106137944161 
-41.48937666924339 
-34.516694579360774 
-8.637688436431356 
-178.47748017784338 
18.835754365805204 
-177.30858217496385 
158.03275803527697 
-175.11800032571375 
-7.460528321262374 
16.892644830751887 
172.87634258193916 
-135.70069286055673 
176.84360553517413 
171.95877363105086 
-12.782714235575522 
-179.19131949326712 
-166.79744582219382 
-15.778590920819674 
-17.98849950960782 
166.19624474828365 
-25.213488318335678 
2.0406916183972226 
1.3085959479739004 
40.84529200527874 
175.05650507663077 
153.20562392281127 
163.98120048879818 
157.41297974612414 
159.42895663512033 
-176.82830796050578 
139.97755308499498 
-177.42106613556712 
178.68592080825067 
-179.51015507271046 
-179.5704874239738 
170.46567439943763 
155.58227269340907 
-14.345931082074964 
172.53879919076894 
172.6189449556065 
163.0870309776263 
178.37823316856787 
169.73433081341278 
167.51474656871284 
-178.07723570831303 
156.6158175550101 
159.83874607712104 
-22.548109705227795 
160.2553708976012 
164.7623311739527 
7.902825476878758 
156.87494426274995 
175.05957736309188 
4.323859144472516 
-30.62485121762923 
-5.289051629801709 
-22.730767963543858 
-18.2356372672232 
9.845039894194544 
-39.15147811477767 
174.95505197931408 
-23.515985622319235 
-29.371131671973387 
166.03591557779288 
179.12173811824712 
-111.63272602508076 
-29.73769635496793 
176.8060812065281 
-22.646147829814424 
-23.98507498936203 
10.36695252954811 
-7.208664821422182 
155.92235726875842 
31.408000227726237 
-14.683393269639735 
-26.76375252469856 
-24.767532475950816 
159.2365216489766 
3.041888278364066 
-30.290888809043214 
0.5302843771261566 
-20.967282363664356 
-15.385217326608537 
-27.00484859762417 
176.61659584107295 
166.38699312112902 
-172.35436341786865 
-176.09706304648682 
2.668864936081616 
176.4016054443104 
172.4222342425498 
-18.964880218628576 
-1.8517603102855458 
-174.8976739775011 
166.88145001191845 
-37.12537065737835 
-11.09278220239159 
13.619809563448008 
27.045272967718297 
159.48096878838015 
162.80303077022458 
171.607391038703 
-2.889991822528665 
10.452174619594764 
178.42253217858806 
158.78495286019503 
-26.308945758351253 
168.10933103973977 
-17.888346395969805 
-3.778439128939617 
141.82452787392904 
175.57617435197096 
177.0197501039503 
174.5827654303533 
-174.64861953053347 
177.09326824758142 
-51.11727872656403 
-18.140537128820085 
167.80658214246853 
-171.66675836686105 
-169.73821191389274 
-177.11899178511337 
178.40809408294976 
155.93240522066006 
178.52561503160248 
148.9851614893819 
2.428068026992752 
154.45834404319803 
152.08822846224584 
152.51523038543837 
151.94111799573676 
176.5628116901249 
0.12988618695286785 
-25.446330606140716 
-171.8109388382139 
168.9476239541335 
40.71279111773481 
-173.60108592214246 
-11.937596685175858 
-23.46873477996566 
164.900546955537 
-8.577326120499569 
173.65519626235954 
20.97924135384232 
-31.985396619245794 
-21.547255776296726 
-3.384590366832136 
-34.510954354104484 
-19.905804974670193 
-51.830933532803776 
-21.991615462205303 
-27.059619868953295 
-4.077716185596733 
-13.034377489281951 
3.603558667025028 
178.00915978426568 
-26.056917677615296 
-9.648523466116817 
-28.7525664190122 
174.7792580051325 
167.27847641426038 
-12.581730281404333 
-34.62328542868254 
-11.495813830986949 
9.01235314180622 
-22.90888485662508 
-36.118581490511986 
177.97034293753606 
164.76503215080643 
1.7433259291096277 
-22.720821123172932 
177.22902033627938 
169.1191835283672 
-44.36343652011821 
-28.619852601427077 
160.00211988260747 
-24.042468439049504 
-21.629533914239456 
166.17678554318275 
-15.278718702063257 
166.65917624994026 
-16.697573003453527 
-12.790492979647043 
-2.7936120683222296 
-2.2046965372977017 
-20.739438385118476 
-43.06874603662094 
-7.815423759631664 
-23.34859021116279 
-23.549621153933348 
167.53483781412447 
-1.224139534036349 
176.46945568781575 
52.23422709957489 
-0.7637964475336685 
-14.208209264726191 
174.73318154311676 
-37.2151570048756 
-22.671366582365575 
-22.652816712452363 
42.216760465204295 
-6.5712927095356415 
-34.181537079077 
0.5577327730785459 
152.4705904858638 
-34.62125468263167 
178.38142663554893 
-14.721595701869992 
-13.744071856176692 
35.07189713663723 
-19.89944596899103 
-173.52288937210727 
-21.12811585519236 
-55.92995983126239 
-18.460623901955223 
-14.799664628962528 
-168.8902572157714 
-21.550907331009103 
-46.99459093607425 
-13.293092202588118 
-129.9953826514579 
-178.18345249838967 
177.41504846408307 
19.298534199881676 
-6.038516661983434 
-29.658988795930316 
-19.55414706065754 
168.55855353843774 
-169.28916655565092 
163.4490509319413 
-19.354076879815505 
157.67038529005092 
154.97863171506557 
148.43581776708814 
175.57936898483968 
157.59816938634228 
-17.140854422160864 
171.14090154850223 
-178.86447727707414 
163.84622591247074 
-29.28712962165158 
-179.80016150806853 
-178.35976244529232 
-170.08615010604754 
-174.8964081632823 
-28.434986179104964 
-151.59571100861493 
-37.01098499787766 
136.76408553031203 
158.06394080419017 
159.29824812080204 
159.79005011782704 
-162.34579676588956 
160.05713454772393 
169.0772076563507 
147.03430435784855 
154.30435549791866 
-38.049083319355965 
172.2808753078093 
-172.35785699921797 
166.38247455323506 
-5.602135356169605 
156.33891417260543 
166.76230800158564 
-7.915944852586408 
153.12270368536701 
28.2789670898654 
14.454015334025943 
-170.6845591172159 
163.70633186373215 
-164.57525346847 
168.89161120053447 
169.28232270713528 
-167.49529017958338 
153.7085035967767 
-177.4446792279122 
-1.156355929416501 
170.68875359761483 
-21.390008858802414 
125.53626913736784 
-169.09211276807667 
170.7716940330595 
-48.60000020541559 
-28.781292762789935 
-69.70566454171214 
-33.20402134600613 
-49.23207124880342 
-2.7113897673553455 
-9.27409063462734 
-23.75222087039241 
13.949351689124768 
-21.818856389000906 
-39.77576170655542 
-41.316221440789036 
173.7600055767158 
-9.778138159386776 
-39.38748433292911 
-24.48794078642425 
-13.723669693641956 
-11.86701332607831 
-9.435576017790593 
-21.45099205511586 
-34.28953216966307 
-3.180640772291632 
-4.35040560345658 
-8.384168513512627 
-55.0150560992442 
-30.039109456536906 
-23.712890456218616 
-29.401064813854198 
-15.617134745767618 
173.50891064323912 
-12.834857839263245 
176.00737580688985 
-46.553632726080494 
-8.619535936516774 
-28.874390962798383 
-135.55252596142813 
-27.44693950734013 
-177.79345360586717 
-31.05051309075139 
-47.031091372427994 
-26.483630463131703 
163.71615404539688 
11.895199509408233 
5.554067132009192 
176.60299062811055 
172.23424090576478 
177.4442238471677 
169.66281531318205 
-10.30445722050498 
-40.98302366163342 
-14.785181100127502 
-25.272422188583803 
-175.48212414655958 
-175.096574234417 
-17.302909026057293 
-14.97933051193504 
-173.31210377292894 
159.46574638232005 
178.0052548632734 
-179.0119677723129 
-45.966476771187814 
175.50259408607454 
-0.09864523863349683 
-26.287856999468442 
-26.415756919233775 
-27.166625807793984 
-170.5815306203522 
-72.60704215655926 
-26.96771841808662 
-11.579588830759299 
-3.8565224464491434 
-176.90031026374155 
164.92235659882633 
-50.71502307656508 
-24.201114408630453 
-174.62256669990538 
172.176352538718 
-15.69803384981961 
179.31687160644879 
-10.33768620378343 
173.370202736219 
-6.261503904803097 
41.65954500683487 
3.5127988892158504 
179.17861786503514 
167.2891225668494 
179.73798018246316 
-28.29514142576089 
-38.2273973336688 
161.40755410720038 
176.17574068291452 
-52.71175428075809 
-4.553368855999572 
154.00608659300033 
167.1596055979037 
-61.05394756083996 
163.28836673222 
-12.148488145042103 
173.41125139742962 
2.8034417498265296 
17.26438494275412 
177.8894570336934 
171.87132286974418 
-176.90529005174122 
155.15880685891378 
-9.066820138292911 
163.30908499532413 
154.67562432818877 
172.82272530656573 
-174.38391501746827 
-171.94370428090699 
-167.44257852151873 
174.07455398800403 
177.40186057444305 
-176.49246615198558 
143.15059325407123 
157.3582837835944 
-178.58343510161882 
169.85799090927992 
172.1194806947382 
151.13913951812123 
-178.52275950690085 
-15.10665518155336 
-166.96704235949494 
170.41185636812097 
157.78171482956728 
-161.98097196295143 
141.3317219458875 
-175.6668105839589 
151.5098710907541 
163.13825083076827 
176.52401889280918 
173.18217369099193 
-26.259375057334648 
6.932502026968625 
-23.202518344518438 
23.595143495966607 
176.15657266328796 
173.81307582852367 
-162.5307811988255 
-12.879013467600746 
-28.868109677469956 
-175.13072429638876 
155.84166234059248 
-1.0518805684007781 
175.478127095159 
176.19422681030923 
-170.95500414429736 
-179.31903284806722 
179.73928400595705 
-15.14973009207753 
157.49001483099738 
-7.271670579562695 
-177.1085589890502 
-29.965651167801802 
163.58990446508668 
-51.59885167693393 
-170.65489385221102 
-160.88345908248502 
165.1006968813347 
172.02738384801825 
-25.55672796837809 
-172.9198956578209 
173.1769956200352 
169.32552207445087 
166.72717348540056 
-163.37096954348323 
171.00272922487704 
176.39034099433223 
-6.3476923288560165 
-175.66349305738584 
-37.59196550631213 
166.03128642110093 
-68.28810026740024 
-2.2818828347556908 
174.8509605909435 
-16.57620105039364 
172.39825683764224 
-157.28222785755364 
-169.42430060935249 
173.7814847394538 
168.56446210307539 
-173.4731721740028 
179.17361658997243 
-11.014853971865813 
168.3296532803229 
173.21758329939664 
-27.149749805740022 
172.00878998793925 
-14.818890000625291 
-14.657374932965466 
166.82883498347275 
-5.648023004597654 
171.08110974275579 
175.8786357753747 
-171.25718583191198 
174.10551890889369 
148.84329719556095 
174.17564679587346 
166.44376596241503 
157.50414265167635 
-19.811337103318667 
33.89364062483953 
-161.2692502788864 
162.88974955178332 
-175.8036381964083 
-27.206202311704708 
-29.197654573992168 
-12.467074337306087 
178.7497592373783 
169.273218675228 
-175.3029731059358 
4.283600028819178 
-14.446548558506343 
-26.460751523535702 
-179.3020977124906 
-177.64482082977204 
-16.517884448338798 
170.13700153138126 
-171.01888761212962 
-12.606807980180745 
-17.00098044491314 
-166.38958282061583 
177.3384315237615 
-14.153078063356801 
165.19329424080254 
-19.450457168631626 
170.81122170530773 
-176.2852736078139 
15.501993508854044 
4.83893429179977 
-25.054376189145916 
144.2259213450847 
3.7618024081801593 
-5.592008332650334 
172.5466689021023 
-26.325910886170092 
178.57169702975858 
176.48189432280537 
-8.923346734242909 
4.758559640808194 
169.9854489221714 
168.65027665259117 
-136.28262977714652 
-169.38489498892116 
-23.265630982403053 
-179.33012237475856 
-13.959766559837961 
-2.0231940380458107 
-22.759543256106692 
162.60540419476885 
174.17849650016035 
174.5463732695702 
169.66408520998664 
174.5051981191005 
3.358391238288046 
-24.336991470640225 
-10.826306696246267 
7.62116470582423 
174.9920300661864 
164.26380972289763 
-18.19822257567432 
-176.51012190651505 
-163.24989742639667 
-46.06752361021862 
141.82381848612238 
2.428104934549526 
-177.41394479885773 
152.60126236755485 
-173.62529604682229 
176.93223784706893 
165.84912004522408 
-171.6876876034087 
178.1581109530719 
-171.01816292041173 
-11.694468447190843 
-24.95634772823268 
-55.10204439175467 
171.38011705022458 
1.5335665974025288 
152.59298297136183 
-10.733223972728409 
-169.5173991668316 
170.82778039608877 
171.9801413861091 
-18.754490786327736 
-53.065777184728965 
-172.01184739372155 
12.626784481284707 
175.4627674648326 
172.2843565945458 
-18.280102991735564 
-171.29193598062375 
174.4058215317849 
-176.76117648818652 
-169.92815958583867 
175.6652270469378 
11.199138160883141 
-17.10508611249833 
12.673845036488286 
-27.853159163580063 
-14.985981320320098 
-28.47244865416654 
41.94771903787552 
-11.039082060630449 
176.9237305156751 
-35.55184794837829 
-54.6066897868192 
-14.064739521682794 
-160.09646682381086 
-41.62469547904043 
-36.451725047718824 
-10.048806218721246 
178.74635449927825 
-166.31651609092367 
-29.903093140605716 
-42.33448012848486 
156.2982697099707 
149.1510359728726 
170.61364557138344 
2.760248408333355 
165.60845274409527 
-38.82130289101612 
173.2436221743392 
-178.20846012255208 
171.16709254589261 
159.64203279207527 
161.00700326007495 
-35.008782536396346 
-31.170818504942805 
173.61149114137936 
177.90371323641725 
174.23598304790897 
170.33653097718891 
144.03396960192606 
-26.48790842024908 
-173.52533125038272 
-24.861920314255876 
175.570307232971 
-42.99981945807542 
157.68222912669063 
173.44530111621154 
173.80647728157192 
16.091047089769685 
-163.32121870134975 
176.68478691508625 
-175.00024517418694 
-38.42170050213774 
-176.25465929004454 
149.438532106424 
-41.87829672525466 
-171.23068354497389 
153.65579346421268 
-17.02334716925117 
160.9583675894515 
143.85181806897776 
151.09111661177712 
-179.96064831207931 
165.8457963185944 
-19.10796452609404 
172.01786059429838 
25.351970916502594 
-18.858337163193944 
173.5901733244095 
-2.4649080374706704 
-26.816667750310675 
-11.224082214359175 
170.54820540591854 
-31.912032456196467 
-7.87347093672992 
-36.615939763589374 
175.46855463214274 
166.37791007512152 
-171.5242996134225 
-39.58416602563745 
-41.46395808891566 
-169.44982273446172 
-59.06254459478627 
161.19376249894313 
-178.39495432654508 
165.74439777669855 
-30.994183778791083 
176.03183946575595 
159.98085189185588 
3.8889226409171687 
-9.096463325707795 
9.730494806338 
14.323295117567634 
-2.852419603223152 
-21.216593758658938 
-46.35103333445486 
-0.9118981581437248 
171.5049902793265 
-21.95105119265044 
171.4120873057801 
165.54098462064033 
11.706098431035254 
-12.217946256283776 
-178.89351793366376 
-12.243592776727384 
-163.1502810132033 
170.41012094268325 
154.25323355093778 
173.7306370310149 
-4.00089776602788 
174.32356714739123 
165.20962535484284 
-15.098137677853769 
33.583956102794644 
-1.6318431040900745 
-14.279030305825092 
-169.41561031919218 
170.895016101653 
-152.10065174453607 
166.39112883346843 
-164.21618057057927 
-175.00064019396316 
-173.06172180855293 
-50.60670442960534 
-177.16986886781316 
177.08639191363275 
144.45220330831222 
145.26905796677937 
160.7891717520357 
173.98912808830892 
-171.55253755264417 
146.32248057543484 
176.32252233171184 
-6.445457719804494 
-178.40877170332695 
-11.154860415695639 
168.49231570990648 
-30.52435236552426 
-129.61428110148938 
-176.0593333374109 
-11.583391167470955 
158.13405075419362 
178.36853578352134 
-52.33602953850412 
179.73896815564683 
166.89871408758336 
169.52478061224892 
-175.36008159623037 
177.15813527705544 
-46.49813939471913 
170.2011265621428 
-1.3402909304169706 
160.03343357474776 
-166.50507077167586 
-30.910437452247454 
-3.8706424231901684 
168.89122292272253 
154.27048442344906 
165.38235664734555 
167.49297753935792 
-21.477435700329636 
-5.1353128114324145 
-16.66524781306609 
166.97648321909068 
8.136404800462987 
163.6965970308393 
-152.5491798857477 
162.6982540547443 
-38.917129104537885 
169.87929826790327 
141.77375794563457 
-170.71055752374514 
-176.9644666265598 
163.06702498369947 
-51.84427777064228 
-178.21777153569644 
157.21864348506853 
-179.37588081954956 
169.6385153338925 
-0.758751863874314 
-34.05954871238261 
-2.539828380292793 
178.3107029525324 
160.70449577889087 
-22.44816863034982 
179.51484973121347 
160.30432220868968 
-176.43043967003769 
168.08186018567014 
172.54048195745094 
-12.121825967405732 
-179.1952092158187 
156.2962124681203 
172.9849803926997 
-7.283547089713644 
-5.201944243466934 
-171.89427375015248 
-44.36290662418367 
3.4672507223117868 
174.81423354233007 
6.036476512560572 
-31.28410042835498 
-166.3348022004655 
176.20117620700526 
172.61294212753222 
177.2535502312089 
-165.7581094595006 
-165.55892475955434 
168.40072880010942 
-164.13135501324024 
166.23794641785534 
169.70658366721685 
-173.9050754819609 
-176.49825913428697 
-173.8169553953482 
172.59030716923928 
-47.82377639567619 
157.42197302912908 
170.16798551873575 
163.50551174621012 
166.22213653001674 
161.38361573310385 
168.4881716511508 
5.459265191375541 
-175.53634536566926 
151.42352227597547 
175.0107786161146 
-168.60715311601723 
168.44465855090826 
170.08195280043566 
178.55824395924307 
179.64122426675752 
-17.30622875389835 
-174.12763134957964 
172.3094300069586 
178.11209970454195 
175.6197697425584 
-14.47990429784524 
-5.666335024327919 
-155.80835431208587 
179.36098993278847 
-177.671051813202 
-19.710668334703943 
-22.14495892241042 
-26.075532200921742 
-177.92343970856425 
-176.05493082775902 
-30.937580400358925 
-2.697357842008803 
-12.780539404409307 
-4.126111151070451 
-17.275880608979477 
172.05206815866163 
-25.736900416170172 
161.67290684224423 
177.03591630718222 
-31.41617194837609 
4.397541523624721 
-2.216024604609548 
178.37683371750157 
178.05421177886157 
-10.864337246169026 
168.4156876267366 
179.9723911444691 
-2.290870852829107 
179.17244070204598 
-30.43969986725593 
8.542049621188202 
-40.80704822609417 
-34.411668123533204 
-10.944236135246905 
-23.97908242256947 
162.14037886578421 
-9.52647921910134 
-169.20888152865257 
-11.89484847991306 
-13.720871742476126 
10.463680580040727 
3.2546807903676904 
-10.644213607426094 
5.1897822041830315 
12.863467692373579 
-29.954060587674757 
-30.216944750210637 
-9.450781593273536 
-21.166450803291134 
167.40683749089652 
165.01329588769852 
140.96087817298832 
-37.630675663757906 
-53.241145816001044 
-8.354206730871423 
178.8455917364723 
157.20067537505565 
-161.40590471331305 
164.595417723941 
16.40465997470931 
-24.06240158741104 
-14.666242412185536 
-178.22719825962574 
-26.296025146671287 
176.5645285393141 
165.32106168681372 
-27.851951214941295 
-38.99076714965042 
-43.576495414691614 
170.8452442585263 
-175.6165738351287 
155.2751652263317 
166.9075551053194 
-33.3722769995437 
-38.82444520051377 
-158.32158449257483 
0.05088623706413367 
-39.87445429068705 
-27.9746204921379 
175.161426573185 
19.06633872065438 
-19.16090464369778 
-22.938898549069528 
-33.06498460726737 
168.6444242264761 
-178.28379606712386 
-27.00038623842602 
-179.3786348129561 
-5.346098558954897 
173.8080582919417 
-179.6220190328 
-0.09461876887594226 
-5.230943314801132 
-17.767026513866014 
-26.58909033667843 
171.7575574158665 
169.18427152406034 
-18.03370604033232 
171.71370103294043 
1.2849417428080798 
159.93148177851305 
167.19577215136854 
171.87615465112103 
153.6033569976646 
166.320163851311 
169.5030802320389 
-35.3677209639016 
2.616519534825791 
-18.501862170608142 
-12.041220538804716 
-10.651797045638904 
-29.33597813408891 
-46.11994303322229 
-168.05273289019584 
-4.571605968003446 
177.90277046352605 
-10.871205268175236 
-5.478086668820088 
162.17041924522312 
-31.504420692544297 
5.089358899751137 
-4.065356038895248 
-37.12196592932787 
-172.9169312975841 
-29.749258942613846 
-18.18779646564647 
0.0881088957244552 
-22.07078752598009 
178.20783629242598 
-7.284070240072316 
155.48156169280105 
166.51036492974097 
-173.43469201279402 
-38.542358785488226 
-12.834974199911308 
177.49175955685828 
-43.516952095491064 
-4.880952078113522 
-179.78866391704585 
167.2001182028595 
-146.56528048037754 
-14.580606188645772 
-26.963801285238013 
158.86816270690468 
-6.231447263019312 
-1.5516655235770147 
160.31957568483614 
-15.359190693354742 
177.04871378600222 
-11.436593595419046 
158.93783965463138 
-1.7995508744059912 
-19.54368572949619 
-34.182305892129854 
-37.45566399820672 
-41.32433643274228 
-51.61277752528235 
165.20970991482892 
163.80628438665033 
10.52216303966435 
174.34461333471168 
-168.36328438253793 
171.41152434119692 
176.9002014136855 
153.24194375093347 
-25.79457836718356 
43.903250778029566 
-25.41168818365013 
160.62807961743053 
-13.472319889958639 
9.424399338957613 
-0.3031631800014809 
-163.80634415819708 
-43.9975624601934 
1.8845160315235776 
-37.26849396284977 
170.93086491998878 
-175.63859647461172 
175.19607362580507 
-176.44021914961755 
168.9075201562665 
-178.7436477258788 
160.2883083162375 
167.63566776004646 
-41.385135781413055 
138.2914827336348 
-171.26756248318844 
-4.602616675000599 
-32.65795223907135 
1.671682729190175 
-28.80766909082557 
-52.78100471283756 
144.69765590612417 
161.7980754081332 
174.91701470854738 
-174.29072201376727 
174.71238340055152 
-41.04357596321979 
-13.727054643683632 
162.13065742888153 
175.59490992113192 
170.79815958782132 
175.20508960258846 
-14.705817329920798 
167.2814900560506 
176.14291544988265 
-179.04202553668472 
0.21675244187404438 
-170.44300906165867 
-7.1673427344591145 
-26.126281714704575 
168.60861622737815 
172.947072532773 
170.5113892099239 
173.9605727508512 
176.1141409442971 
-173.60453656770238 
149.06209608865305 
-11.294456167127016 
-13.891421011605619 
2.6984676625047097 
0.2692005540926301 
-5.319659158364568 
-178.46886013542743 
-165.84154949166228 
-2.1877908935061763 
-28.74146437868843 
-35.34026913318468 
-56.87874586771958 
-19.09988550052842 
-65.04577623521425 
-173.98731035521936 
176.22119875584852 
178.24782896751978 
-41.683637121642995 
-13.501615912738103 
-175.9807982466905 
-15.832638889060116 
-20.812607099984632 
-39.2359304577176 
-45.72179425936808 
-153.3803750119424 
-170.9441428015279 
3.0221587717549667 
-179.65338537569883 
-5.443812383823372 
160.10377752389013 
6.18261348255529 
-179.595163304506 
168.17065071641105 
-31.968584558376744 
-15.121261397395727 
2.9240885844466 
-13.94949861544888 
-27.882498809686446 
176.18105135462483 
171.70431779973194 
-27.94569223631635 
-172.71337116349153 
169.7236932506001 
-171.84705974051042 
-36.7719496667236 
27.550084429909276 
-2.634528636398304 
-17.154742210831728 
-170.0523418491957 
-7.2630775425224225 
175.45464861801463 
158.01275876673242 
-25.75339342076294 
-42.98812416096124 
-176.31439150092467 
-7.606045208976844 
170.19015213770624 
-161.7707769250667 
-168.3518948187242 
-33.29883362034123 
-174.94739341405855 
153.6050490129442 
150.1855936423715 
-23.092903080650252 
157.84207782153237 
-5.398126095331119 
3.398347297266192 
156.54027932784254 
-19.614465533527476 
-10.982175945462771 
178.7384661639243 
176.82433111874698 
178.8242248800176 
-30.25775427941094 
-40.94013529379657 
8.958529948586722 
12.376460177092245 
9.501192181719846 
-40.225470655013666 
13.869451592159303 
-177.00728165220875 
163.57821148238557 
170.51939210045663 
10.365553009736649 
-18.044231652956576 
5.686119668288366 
-10.849893971115145 
-12.965253872067297 
20.835685721089668 
-2.2593199264770334 
-22.645417161005362 
167.43337887252443 
152.2155804253648 
-7.20822194338309 
149.2998236206028 
7.274392103096067 
179.80246301375516 
179.07923740958893 
-52.110995817030116 
-19.677498433557687 
-156.04355471408888 
147.7527668103956 
-175.9582763342556 
145.05795597878793 
162.12355465267245 
153.70403444055844 
-10.844913419896523 
173.4457385563902 
169.50725993913912 
-176.66075790520077 
157.81682586247825 
-167.88433209270488 
147.67321694381693 
-11.944910301774561 
161.88215442423103 
177.85723563375842 
3.9986518952739014 
146.00725664422447 
3.1463648643914697 
-15.96176129497584 
176.73299083914407 
-156.64318797624648 
-12.147683938186477 
-59.63928884957627 
-172.29360199748845 
160.91491861047965 
-179.70804788547494 
170.1689628133466 
164.44222633252156 
2.0895989417634384 
165.22398988779122 
172.29947812886823 
-47.075862317197554 
-152.15798001114192 
-176.97487380979416 
177.53655010566345 
178.31976326112726 
13.044939536549936 
148.29294355646147 
-38.44609784495684 
156.45936819798598 
-179.70131515232416 
-10.633004315684566 
-170.99485857386833 
154.98981343877236 
178.78446996153997 
-35.16604376403005 
157.61365076990455 
-170.4105781159694 
172.89127445807017 
176.75561676824572 
174.1270222114041 
174.95886671834725 
167.8327413730707 
153.1261023757038 
-4.144378008785639 
-9.150801178429413 
170.86583620626593 
-17.210751728868193 
-15.72486723038315 
169.0682998911336 
2.3805341749907374 
-155.95187773808135 
-4.631942291172158 
-2.48902228709852 
-41.73909300701344 
-10.509063007122073 
-18.299845519502885 
170.26455689476384 
-10.815950407201742 
166.29075466343215 
1.306053039992866 
-26.93522970731271 
-16.352089507341553 
6.875224298169651 
-10.318531254712806 
164.58050981789665 
-26.12772859449736 
167.76196613216837 
-45.60389945678589 
-23.999013971649646 
167.2844701110028 
-13.94192788145982 
159.77615875182752 
172.4265711568912 
-10.788136140970261 
162.1404777587908 
147.9310950264477 
140.80486874322122 
-14.45242438930293 
-11.031196121772547 
28.43540561063786 
21.590138205063045 
-7.413206366774146 
21.689201903426007 
-25.552728393065834 
-10.597962163540016 
-4.413095689443236 
164.82711698015797 
-1.3681783874948552 
-8.726378174349119 
160.11103347321415 
142.20001815865479 
-29.846781994126818 
-14.55048546705854 
156.66641144675236 
-36.77031592746425 
-6.2798765874967675 
165.4671386859609 
-23.955724097770723 
-56.43234648023809 
-38.148431157907545 
-28.895137776118563 
-36.28194069085751 
-2.9879892769335346 
147.21193897684884 
-29.03591479594685 
-4.15636437094885 
10.775863150739337 
-4.691592003422568 
-24.5827021740888 
-16.703802474862496 
-5.397267899214074 
-39.96554124176279 
156.84944406115898 
-16.347123620158555 
2.614935901971916 
16.91196513499831 
164.97385772823756 
-177.03243959720837 
7.4765333010141 
158.23088301379437 
-13.156770756412726 
141.23697454565286 
-13.697538739305676 
-24.459328040818516 
-10.463670420737495 
-50.60131039552099 
-8.032874709865979 
-12.463968213876404 
-177.89430424955955 
-26.208803626816227 
-0.4222789282208519 
162.4856231334852 
-44.36559553301697 
-17.334347081708945 
9.07220001325211 
-145.9465697805807 
162.10957133350587 
-5.97462678677217 
-24.36128622700343 
-27.91956914772776 
172.45353245209205 
159.41586118510963 
152.99920551031673 
-48.68394241170239 
158.98701929956974 
-23.027125324250996 
-29.281611067564665 
12.352294137768059 
-37.61626489762231 
-21.2565115606059 
-22.857306815788533 
175.73124443762586 
-4.493430432643651 
178.87314056421684 
-39.28646861998658 
-28.199100276992855 
12.101696634145132 
-10.93515647410584 
-176.8728182200595 
-16.478440694681225 
-40.30423256438931 
-12.563433324975435 
176.7948014474323 
-35.80031718832956 
-171.3364690624649 
-44.7253725100467 
1.264462900942351 
-6.376420612024104 
-21.476333827199134 
-34.75032903823381 
-4.702741378537016 
-24.184509966236025 
-21.352987722965114 
-38.20120227733666 
-54.939088203437045 
-2.1672036740929586 
-7.099350784730654 
-21.890173924260743 
165.21645412533303 
-24.41621727973647 
-21.385628084209973 
-4.9869322500212645 
-7.103738923221264 
-30.602061444218325 
-25.30181939937639 
152.4078243466593 
177.50353986234848 
0.7339196814264836 
152.65693850507202 
-19.415079245409597 
-12.118829400237493 
168.4357968036187 
12.910155740299698 
-12.194915047550525 
-18.46723547085392 
162.6249167665978 
-24.36161502742816 
-31.628962510349815 
-23.69354932485045 
31.11962775002603 
-45.4991931176119 
160.25579150465805 
149.91161960622546 
-10.328605453953415 
-41.15607028966508 
-39.55492892294021 
-38.33708927342323 
-16.881643590973678 
24.190313282814692 
1.1768376853010967 
-4.075890585700245 
-0.0581248630880346 
-21.46566361270642 
