-166.89642147543842 
178.69894416426024 
-166.1036333028551 
179.5949780193902 
171.399109050528 
-164.7578782650742 
16.905205254236982 
178.72127891484504 
163.85969519575636 
176.66785202410827 
-175.23281096567501 
175.37905391577857 
152.1265044087848 
179.45275508964053 
-179.6076187831813 
169.45177428785792 
179.94080591302622 
-172.25682605563358 
-176.44611613802724 
-154.48199974082056 
178.90160027568112 
176.31189018243973 
-173.0966348633067 
174.84402018017926 
156.4492330643231 
179.3643558488417 
174.2020418303029 
161.50304536680127 
-162.54275492789822 
159.42732750205334 
171.18652869553003 
-167.98406760712888 
165.93138707359003 
-177.21593014940743 
179.49316035799114 
177.36559379516282 
179.4865845579075 
178.58448604817593 
-173.9967709177239 
172.61305752674343 
-178.2852592296751 
-166.75297063011502 
165.74141970323163 
-176.37662323346066 
-179.74516985272524 
-172.39527284912504 
-178.02935098543034 
-170.6165776301491 
170.36834187290006 
-0.7416415491758237 
172.59553104353844 
-17.661868715865836 
177.00404939832126 
-173.13774351876353 
-177.6160654010275 
-30.192765447273768 
156.4376833423439 
-13.304677630123113 
160.02277553966206 
-178.37243251805492 
169.51800653396455 
-176.27770359955753 
177.37407764309484 
168.62097669446553 
179.79618511498805 
171.56154949235923 
-173.6052784731926 
-178.96330467021912 
-176.9712695820619 
-174.77107780476007 
175.7497972828768 
178.51701400455883 
158.91023141647898 
0.5057016732879825 
179.280261943456 
-0.29694208750557877 
167.1742156670187 
164.93263290035438 
-167.38743807808316 
10.057917988035376 
169.69700424030364 
171.14802848550306 
-23.82480347574163 
177.65241607411215 
-23.797111529033018 
-175.8011352185277 
-3.102880582284795 
-173.6583962382434 
-2.4033567032812453 
-172.56674111889558 
174.8128637156715 
10.698151636407605 
-11.984340962357626 
-170.97014393127625 
32.91170574349485 
-20.88032487680848 
163.23070730637727 
166.65361566393292 
-170.7016110302607 
-167.90884043851452 
3.8093182738852347 
-28.64248518628083 
-172.68045957510958 
11.71741967074444 
-176.20700019241906 
-177.35262828060598 
172.26918411453664 
-21.712385139100324 
-9.193794625646625 
0.0429116750080873 
14.044487708394188 
160.3942630672627 
6.907414337757874 
-15.60225115285076 
-12.607062909132496 
2.4411587801444323 
171.55014725587247 
-176.93895630750907 
-13.308140756698975 
-12.929492994839565 
-30.780141236487978 
168.98196711538213 
-178.93093376885264 
-10.05258501909957 
165.21136012547484 
166.78763657816987 
179.6587524805541 
15.511818632710789 
-9.573885966503791 
-6.84326886472984 
-14.783379336098967 
7.786840516293927 
173.0346230491136 
-171.70012100667074 
-171.59530814380378 
168.72478196941353 
-174.72312955233298 
-21.517734245520284 
-173.5221900996994 
-171.11396093439498 
-177.68933582774844 
170.43987935037094 
5.389584079869266 
170.3605326162817 
-178.32443200185898 
-27.4576886562914 
178.3882573515035 
171.27725905982962 
171.2611401831351 
-179.89553121188325 
178.37786829717362 
177.8770040254309 
173.84965968215258 
-6.286163002867702 
-174.97246193124906 
149.05515472920237 
-179.31916010027948 
-22.29496643628104 
-176.01732555073949 
176.7868174635617 
178.2384578228 
171.22309392986298 
176.31675700328265 
-176.11127660841845 
-18.563913379827078 
178.03667776300597 
-171.77724188626695 
0.24270944380555204 
-10.14643448000224 
-176.72590422691772 
177.82214246102168 
-174.24676109781447 
-174.85556993758487 
168.86109024555702 
-177.90028046737575 
169.05375639919285 
-8.658058201108831 
-178.43656807023487 
177.75726064842567 
-2.1106134994171413 
-174.59331870833708 
-173.33692047559836 
178.97816574746633 
166.15260246319346 
-0.675605831099395 
-24.747024885923107 
-173.01382981635513 
159.01689460849315 
-7.834692356349128 
-16.958442560227844 
166.71141584165207 
177.09621000622693 
-165.15475807976614 
-178.8185568225283 
-4.977561355487751 
-0.9098031054796192 
170.72045569054026 
178.82719151472656 
-13.048926029869564 
-15.511602755564622 
-179.97248906067782 
-170.96326023189206 
166.73914164436582 
-175.35778481938192 
-178.7165111243476 
164.72409460320648 
170.13242542834806 
-178.23442065812324 
-179.5271904173623 
-2.520553095406297 
-175.93013086760683 
-167.15766279088496 
-11.523812247567971 
-11.304807905777766 
-11.186102997605442 
-2.122800197606087 
-0.23873992504730135 
-176.42038387605533 
-11.905235653512175 
-17.341264242239145 
-176.16526442611377 
172.27376126557863 
-174.5808797263836 
-0.8364415741190386 
-1.8108755233507845 
173.31364236508944 
11.61050455484069 
4.6977800306943305 
2.236850829804158 
-8.083354837322327 
-173.48532437304667 
-24.81508414062514 
174.36162763393938 
-0.08936698617544256 
176.49452973580435 
-166.00529716268377 
9.326087359147396 
176.8334989831025 
-167.43423738386565 
1.8854213586169997 
-177.9048353892077 
5.297055079738194 
-16.397096764863328 
171.01872580363596 
4.081692664912925 
-3.047853818731632 
-8.357604946561796 
15.844763543420386 
-23.653485887195718 
-17.683560278968297 
-0.1969238041862774 
-174.74898686779767 
-178.5793298043956 
-151.22095954539034 
-10.002777475019775 
-11.608845521180996 
-179.44292110941169 
7.358044592080051 
-178.92973652954805 
-174.57897432931637 
158.69589925022302 
3.4083331908697145 
-172.6280721474863 
-176.74768911701338 
-12.732454104203143 
-13.890619561711535 
-17.45393233341668 
173.6049950271323 
-18.677362091883985 
174.88489697255304 
20.068921061665232 
12.103359506594542 
-3.300755558318177 
178.44970594356909 
-13.477190712825857 
-9.935762478298967 
-8.88019478299424 
-31.043465382151275 
179.63345242422812 
-174.67203900262027 
-13.205189941523415 
-9.62406571753172 
8.074377550470441 
0.02115303255648046 
-4.854992408042632 
171.86961749881127 
-1.2499675383032727 
175.41100626710002 
-4.831665692370356 
-15.503894074624448 
177.41853418285814 
-8.11854818757404 
-15.478454650617492 
177.6253540130135 
-7.264192535925259 
-2.48448402379938 
-5.178886909040822 
170.62804730613001 
-169.85608496782098 
-177.41033882757455 
179.72592994387696 
-14.48570590368621 
0.5117031989575778 
-26.1971810323794 
175.19128957663057 
-174.48906798329878 
4.931891401793809 
-178.4576763371433 
3.869776892395599 
170.99300569705156 
-4.5231846657541075 
171.440512871004 
-18.81432420004202 
175.7615273548779 
3.5213509876434297 
-165.51668498862026 
-9.63652926104056 
-178.17309336133886 
-2.2017796425133453 
-173.8856851206073 
178.74790142257612 
-176.3046624598784 
179.718428188911 
170.87790640230534 
175.37607520708946 
-178.51253550557485 
-178.84187822890874 
156.0309792285071 
-177.8542502215953 
178.95499439779238 
168.3629313198204 
171.36551548066402 
6.233319752588793 
-172.13602310393549 
-178.86060069613782 
-2.91490540123668 
176.74327235525277 
-176.50390002526905 
171.96685167563538 
164.56127730737887 
-8.065333692555205 
-179.53138254451554 
172.82658887988268 
-173.5396929916069 
-161.09249890510785 
-8.765819258409543 
-21.92953405048766 
-2.9948715071577148 
-178.70741494043642 
171.84176174139043 
12.503379497654922 
173.15535654464725 
-172.76230775687182 
-5.529953902500513 
157.00899138290055 
170.6278285468341 
177.98189524748435 
5.875473955928931 
-2.219038022588157 
-169.18897238405864 
172.16360154998674 
-8.840852927701842 
168.55252857691485 
-12.76894428085682 
-174.32716758705254 
-165.96916801889984 
-6.247950148538959 
-28.13504554073677 
-175.3273403929447 
-178.59844177636666 
-178.29230598217043 
177.0419731409941 
-0.576253699556644 
171.52746227884518 
-178.8977841239602 
0.014470174137159768 
156.89993509154905 
170.34253538515813 
-5.392564816869894 
-178.2516425040475 
-7.993895404751837 
-19.063331252307922 
-170.41429261490185 
176.66376627115162 
162.55094830864311 
177.13352345904605 
-6.148866259292039 
-17.82116276136624 
-5.172795518282221 
176.91478613022295 
18.004164228778393 
178.45970665435456 
-172.40050990610698 
-172.54780673491453 
171.76752190830064 
-7.993626977001461 
174.6201820171071 
-172.39136599997107 
-15.932474110284469 
175.36940295746868 
163.81035416885376 
2.4952811027318478 
163.90906881858155 
171.20077349602388 
-164.11911392685454 
-172.31130127436143 
167.68401898440695 
-8.556518584509885 
179.60570741781567 
-170.99974906792158 
-177.36994486520746 
-176.40197082510508 
-17.649800479338662 
-179.48740619461853 
177.07086384053628 
164.40738724715578 
11.85560146955491 
179.38085824440557 
-162.296337644379 
178.57006110392763 
-174.88866986670467 
172.80886435496188 
13.332133030870903 
175.6128770284277 
-21.583720113570006 
169.61887131998517 
-8.439459750178512 
167.31866385087315 
178.07575147061095 
-176.357247803885 
174.40529635716172 
-19.26507719892138 
-166.6056880456425 
7.321682889024317 
-5.572756830086675 
-177.75135584682195 
13.998424201357166 
-164.06701687914506 
-169.49854853746015 
-160.75531542005953 
14.596503384626198 
-167.9312788067587 
173.8470589866802 
-166.90768521760097 
-176.45920624405258 
11.521214694839278 
-177.951760858472 
178.42206990078486 
3.60394088584349 
5.897552075991828 
-176.06319549444152 
-7.3193595095967225 
-8.737458209758003 
-168.944436651914 
179.55942888342605 
5.957351959961228 
157.44062535318156 
-178.554304296893 
-3.5104971033110424 
5.330460533469533 
-14.626890248324738 
-6.073074598868627 
2.002415667336195 
175.91293055675104 
-16.74803939474142 
3.9897958380599268 
172.5472056316003 
-177.23045232150406 
-0.42702696173572235 
179.88762128043493 
3.5067154577315716 
-12.938085001179262 
-19.210760937890157 
178.56271952161512 
175.56940505307819 
-9.683184163189017 
168.0175852616054 
172.22536428819436 
2.1645746584319845 
-29.981754580700272 
-5.131810808466818 
-4.738687088627415 
-8.487715531872633 
-10.804870710237056 
-177.67124604639457 
-12.141777782794783 
14.005095419985581 
179.80243128486453 
-5.866417500839974 
-175.96191295740874 
179.68057047033435 
4.123780463323585 
-21.936818351480696 
1.1231887408317245 
-18.22890635052442 
-22.428987776179714 
-31.782196922647312 
5.584373452227357 
2.6142780905955787 
-1.4418538008161321 
179.83884235209376 
178.62299797613855 
154.456284740514 
-166.90269907071198 
-14.380255056679783 
-173.77692782253104 
172.89678233259804 
-12.881722367009816 
-3.366163242395489 
2.46390360993988 
-3.4820399562562896 
9.761737559986223 
161.58565525419323 
172.80578878125039 
-175.40839474795678 
1.7023246017113312 
-168.53390801107892 
-19.86180912969573 
-9.226374872623198 
-176.62147405542106 
-23.87809277504214 
-5.161414475347496 
-5.345695295078412 
-0.20367336725824636 
176.15121748801377 
-8.54838321472381 
7.67667251544849 
165.22309158720583 
-169.0487694329331 
-4.211298048160624 
-7.229277123413309 
176.06704336289914 
3.3577500850758177 
-7.105185761213012 
-170.00308245711625 
-28.276495901703765 
-16.112884005441114 
176.55300385487095 
1.1598381561224456 
-25.413059845583707 
-10.426631204223712 
2.7826827448262192 
175.8726475807612 
178.77866696842403 
175.96029447502855 
-174.5922598465319 
1.140133928810398 
-11.008848143865015 
5.512511257169072 
-9.702314323383886 
-178.23980584463402 
6.083330725381125 
-13.104562389627748 
-14.796331210102924 
9.375956841601615 
-8.660833177995922 
2.902060258050543 
-0.8189706540176722 
-10.269911305339578 
179.62271286936124 
166.90838135121086 
-10.58610825829036 
-175.4015813719142 
-10.447884397110649 
-175.30306519232374 
166.31456921205623 
-6.943572848316626 
178.6130173051671 
178.31526579516563 
-168.27292549331867 
-15.16400891205296 
1.5730133798424495 
-3.993518396402317 
-167.25030468367882 
174.556117173259 
-167.72448539492532 
178.7670383048719 
173.67639224635442 
13.47197809344884 
-175.7141208443039 
172.2616853033912 
1.4773493722788198 
-7.723014418440472 
-10.63367007997513 
173.82960601579688 
170.17257337528665 
-6.109858282751681 
8.217267188634187 
178.90526623933343 
-1.6095980953816673 
-178.7317085397716 
-171.8903620548848 
13.788890864984818 
171.6380101076697 
-175.8744642749603 
-169.3283239320662 
-6.118163321297671 
-167.20242768118513 
-5.818387263068503 
10.84542214416006 
-0.9258660848032308 
-8.730624164352093 
-8.392708159808699 
1.1438779576591422 
-8.91328360568917 
-1.6500665600876143 
160.92819063142977 
-179.3512052716965 
176.9302899261056 
156.6285934815137 
-172.49085985408553 
179.51628525474405 
-179.71468154842285 
169.69714714543616 
175.8694197058663 
-0.3833062467175948 
-172.56208806701966 
-4.479222287026384 
-178.01998102131972 
-17.39351431299065 
8.280406406125088 
167.5333230253395 
14.85289659852171 
-179.6000450555615 
-14.106119293319905 
-1.3698478747273353 
173.01646747668573 
176.97082064845014 
15.859728332031635 
179.90017609481913 
-18.404753391530964 
170.50590268984934 
147.33769595523003 
-5.421730211923662 
-17.91856597951528 
165.30785853063574 
-13.816566656018296 
1.2425734218334759 
-6.064502716278655 
-34.21713599946584 
166.65040874476958 
179.10953175144434 
-178.8936764260378 
-2.0882717266974566 
-13.877996915676935 
153.933690489837 
-13.631710308793636 
-171.55466744056332 
-18.254161366982878 
-4.429907972142259 
-2.466249158715696 
-147.6528111605736 
168.4610080386786 
176.59179180099898 
160.77767851278892 
-0.4311560787614832 
-179.90651256086332 
-170.07048354285786 
172.29105603641983 
11.909510183478766 
-163.14506145288777 
163.9442741417623 
-3.242633355249986 
-174.260758662206 
177.8175802927074 
172.5507281328778 
177.2260880245634 
-168.1621571695357 
-173.10550106965132 
177.13996444658582 
-15.862189129386199 
-178.68041143048816 
-8.694928255439068 
-7.72443542951998 
164.65320057331277 
-178.91511618328585 
18.40109812470114 
-14.13259874286561 
-171.90522833691702 
179.2912050993169 
-6.394610430837601 
-6.812326691683776 
-15.670018800056603 
179.23227266013555 
-1.249290016859228 
-5.870085625487948 
-2.5313875626474696 
-178.3801041797322 
-170.86883112074386 
4.141158537303786 
176.19255551973797 
-26.82261281921637 
175.89768664987324 
-179.36097617075794 
174.9406237961938 
-177.6816613427617 
172.4398528117943 
166.31208224483794 
169.48869264647595 
164.1644929477675 
179.70687552224052 
-4.369910927615775 
-2.5895837418886702 
-174.0322632112932 
-176.5370177337502 
177.3346428205136 
-169.08554639047443 
177.8277428398508 
170.71436380249688 
177.50948463094488 
-175.48221981776783 
179.98273039658395 
8.217357596236997 
176.32148302634604 
1.2617721937553164 
174.25582185186906 
-168.86639175703374 
176.61966468215238 
176.6085035544574 
174.2425785794451 
-168.26332438362064 
179.10913057535492 
162.8718233836087 
-177.66612714497478 
-161.41026374938875 
-170.54111666184434 
-168.44397952486597 
174.6845782931618 
10.723089703011494 
176.14592868782165 
178.9495102119472 
164.1384416754375 
171.22768922245902 
177.1243502118221 
-171.81766842811678 
-15.682838387064127 
-178.77643211355127 
-176.99923639117222 
172.2653878578488 
-171.86958272455308 
0.6733645461457556 
-13.921324213706905 
-2.2400794685686245 
165.845870304758 
178.31654431355494 
171.71481965694286 
-5.867250269601075 
176.74057276455082 
162.16603776009802 
-175.566360539901 
-164.7147844904677 
157.20221399993105 
165.84621454625636 
170.24624873962017 
174.9868049143033 
-177.39849390476942 
164.96833716697896 
-8.716942772790224 
175.25290742589783 
-5.553564114012183 
-2.4532362467448476 
170.16839799548586 
176.90482791281227 
178.5444798095508 
169.24741263228148 
-5.891359464400307 
-8.25136857971059 
177.3993724150058 
-19.415677271714117 
-8.256946731308252 
9.11138048566039 
179.6794258989379 
-7.57714861069494 
171.98751077103483 
-162.87005042201318 
-151.73298074847472 
175.81484517018862 
-5.405919939516147 
167.83113308999518 
174.14215411130124 
-170.65318330239273 
171.44162353110968 
3.823906506027228 
-162.72710485739185 
174.17622254519404 
176.5401082169221 
12.267044299481338 
177.3922657460388 
166.77563074724105 
175.73499043925042 
170.88487895013702 
171.24439380766992 
-6.446569580126166 
18.816177548543045 
168.0328034328379 
177.8151470239029 
-11.359486247003431 
168.88999834422427 
-11.185014660137071 
165.12334131703236 
178.15803321338146 
-22.239619455445432 
4.684111300284622 
158.65437631732146 
-3.8916428084495447 
176.26744580962855 
14.726272861178245 
-12.869925845871512 
-5.55451679839247 
-170.3244208997706 
179.88533584881665 
172.0074781510988 
-5.913621704252312 
177.95818246431162 
166.00253674167766 
-16.696585289824647 
-177.75588953267697 
179.1137407861564 
4.032637046786084 
-177.60192335720248 
-7.898726461776859 
-168.83466603090798 
-17.88970368121635 
18.729294845560066 
-165.96038724516407 
-12.767459596303143 
-168.2421698949272 
-3.6721333663287785 
-173.12364887727213 
-179.43337228087722 
-21.353831906729532 
-2.9244788442796166 
-171.48701222021992 
176.3928779852091 
-166.02554051832908 
-27.599412806418382 
-172.9752962097381 
-15.070134559397783 
14.032244930541724 
-0.9668931297003164 
174.6414426711642 
174.16344002980279 
168.69569998711088 
-174.40703316588238 
-6.382465541589917 
174.54604226035624 
177.21707594946722 
-0.5595640124608868 
176.33239452063637 
-176.98319424683726 
-18.09944009153489 
-15.179482869848618 
170.2758352658273 
-169.998271060582 
-10.673154789793127 
0.9406096725268059 
0.11338954737830487 
-171.63000907925993 
174.16798934077931 
-16.09141982009335 
173.4392177159135 
-2.9576559296251292 
176.6873531585149 
-175.94629001424747 
171.3150520771437 
-174.48235290906683 
179.52433381051844 
-174.7759004935598 
-2.1649503437173716 
174.05310825589953 
177.59416109703017 
158.38826833322233 
171.10837449764773 
-170.69035763391224 
170.59065255365888 
-6.5356121412143215 
-174.26738998488483 
-176.98830672663914 
173.7901537222415 
172.52929835630113 
-172.97663134385874 
178.78021821312444 
-18.200740697543797 
-172.83216317983982 
-177.6729173907299 
168.20039826752875 
156.69060376693545 
173.26596941109162 
-9.725283559411414 
-166.15044783131853 
-178.54519718948862 
-0.05916054019350861 
176.48389756251282 
-8.802435067535706 
158.38164936634237 
-7.9901713180314795 
-155.56217044147348 
-18.08587939689186 
-8.103710573140138 
176.5611770788907 
144.75751502072066 
-28.995131862013075 
-169.82134134290368 
-163.32208047206802 
-163.263838606575 
-169.38533300454628 
3.0574705530892747 
-158.42289092885022 
178.45745410335905 
172.27195688125454 
167.70630987998067 
-5.000008050859788 
-177.80273216047604 
177.5302758094953 
166.63569775157947 
5.517838408424638 
-0.11975940089281577 
-176.59456914567983 
4.344450951305418 
0.8358861056398375 
-178.3114298041569 
173.23343223872882 
176.25797241143613 
-2.5190513635716485 
178.54518112558063 
-14.418483190667233 
0.7521966306113665 
-8.31496785860929 
-0.976242795318074 
-179.1228864662527 
179.0784840341906 
12.837578385573572 
179.69530637159465 
22.961121963574055 
-27.51339273025876 
-9.32340459415473 
0.8429874496636652 
-1.483507869479896 
-9.620016327226715 
10.100774830669005 
-8.682788955164694 
-167.49608094288 
-7.578345392970971 
-31.087437678854084 
-1.8517569858641414 
-35.64626701710492 
1.3123592585824213 
174.20057742715204 
-14.7206112111379 
-4.689627381960537 
-17.162739291246716 
5.084632301856459 
-8.197883436481142 
-2.546135847255587 
-4.832483770295038 
-18.153111705155208 
25.273675174696265 
-8.677951038869692 
-2.8165090884325115 
2.4594667524201785 
-6.015980781722919 
-5.199396734475619 
6.92368034886606 
-173.02661546260074 
-10.031617568925228 
154.67353008810906 
-11.388329433723447 
-178.8290491036166 
-3.930791607165652 
2.7170142053627413 
-2.2304163442608114 
2.177215196669756 
-13.13788189736073 
-177.9952576660678 
6.702862109880228 
-8.607915907235933 
-1.283182955454947 
-10.75777069308867 
-25.335884764847204 
11.56488311400783 
-2.6196717563736436 
170.20629046848944 
-17.595872127938854 
176.19841631210195 
179.7995152536529 
9.14141851217735 
175.4190175470541 
-0.5147337165076036 
9.543422478276389 
-29.087256479373043 
-17.11533659350592 
1.0859075401373637 
-13.103544591649642 
-1.6793172558300238 
-176.7076508313419 
2.5788744318404055 
-3.496682522009806 
-15.887375667883994 
-11.504959771221811 
164.58539856112938 
-1.8784467958965347 
1.1103553838809972 
166.89531734223974 
29.25263631770622 
-8.832846575111487 
-18.58255205259146 
174.39845011723767 
-3.5798045612902425 
3.8392348774712537 
18.505371329998223 
-16.629825793653136 
-13.418187559292623 
176.34975066890425 
-4.391590922370099 
-12.468986823119804 
-13.56251935108783 
-35.695258268090626 
-0.8128108292210698 
-162.11158139199154 
-20.835409540803024 
-25.146843656661435 
-5.163419206093215 
-8.851077420104332 
-19.036862209674503 
172.9403968010452 
18.742312302967203 
-14.579108168571857 
9.282577562460737 
-170.85315709827256 
-14.550115050810186 
-9.284884936354924 
174.84573017975268 
11.843444225581823 
2.547501128938269 
-14.38357268136356 
12.7955041835758 
-11.248101116559026 
2.517456562393286 
-166.5453840849678 
-17.478662715044607 
-20.07371625262072 
-2.119766743769752 
-5.1577054662382436 
-165.25439025020478 
-25.876862909717286 
173.57149778540924 
-25.14545570786052 
29.225311460006886 
1.442164812255785 
18.029413709365596 
12.219953537488172 
179.8681314196251 
-2.8922459608064743 
-6.476644773290514 
-9.82854198327869 
-9.525152481675041 
20.61217650867193 
14.08775528858933 
167.7792596485892 
-8.838848199144014 
-15.062405053468135 
-11.578677288484876 
14.47870654386877 
1.539083495965245 
26.362346741034084 
-12.620966284359326 
-7.953978902008121 
172.3322482449426 
-7.793353332237902 
-16.309496346084142 
-11.243888240416316 
-179.22885565132336 
-16.34771889652345 
8.741233935265228 
-13.06085742653345 
-36.55660045852017 
-18.465800448134388 
-14.318764486421744 
-150.2185283060137 
-2.265816813845875 
0.8289918639326401 
-0.5844631221568066 
-8.516570704207773 
-28.778413724447148 
-14.282376299996503 
-0.41659001702820575 
-177.11650703657563 
-3.7028692460102697 
-164.5085826593331 
175.12651996907675 
3.9302881401498118 
-1.9757920077443376 
-165.00050530437494 
174.86110573450028 
177.48573028537467 
179.14029575402304 
20.239730135146633 
179.52802392432037 
1.0948495631514743 
-0.7056045449388977 
172.51100964504894 
170.7575558049496 
173.2843408322141 
-170.91588622263177 
11.357376664757865 
16.543652083998378 
22.673320899812854 
-5.715019042609058 
-6.768088692579539 
177.73522256911625 
-166.9141292786862 
11.885224845334973 
176.57265954583346 
-20.098643490140795 
-8.545653618441603 
-7.140042941262653 
-2.530143628728431 
-170.98054611988996 
175.0597507271876 
174.53173616826302 
-173.66816071342964 
-178.29044179224732 
-16.69944426349249 
175.69313828371955 
-17.274675490367244 
179.39109058375155 
170.01029787011456 
-10.677683280467804 
-0.21047362772177508 
-0.01372075667879255 
-23.42462522826844 
172.22015801014575 
-7.172457977509385 
0.17327501019474836 
172.08377433951378 
-14.867422310530328 
167.59784960856297 
-166.72725600175656 
-13.457448679770424 
-15.007715471794327 
-179.7881010688957 
176.69547023419665 
-171.79503997054587 
171.09951995386857 
176.59213055410208 
-175.86013826440552 
-175.4143343244481 
-175.5683526504577 
-3.3844846944224627 
165.1614511473753 
177.94407999739747 
-27.976872614904813 
-175.37682848743884 
178.69482954424242 
166.4978149682913 
173.83120089729456 
174.84096791348748 
-174.46947601640176 
177.93046560671158 
-2.3659513294454357 
-10.36189654981873 
147.4862673786913 
160.45637808323002 
179.59961290976153 
165.7883868044664 
-18.012784435113016 
-178.13061603796484 
5.613614288243306 
172.68168601863673 
155.71597159394696 
-173.12925059557864 
171.92852092861213 
-168.54510744447157 
165.5475718210985 
177.66619196152035 
179.9701882801057 
172.48413377751046 
3.219821459926035 
-179.9675346723004 
171.07817348041237 
15.63929059288504 
166.05232814517518 
11.040362042375632 
-163.68957835818009 
-176.34224030601928 
172.51253434593912 
-171.2325753832022 
-4.186677693534328 
162.25902683560324 
161.82565252358214 
-167.7249000381254 
-6.659460616326566 
-2.386167406210188 
-4.537037574314735 
-9.951262099200465 
172.86100187190556 
-8.44718740596853 
-179.71897992783087 
-9.891573208440997 
-167.23234663418862 
175.22162478876535 
-179.79114703074848 
3.0221263608190267 
-174.60986049479433 
171.41083419359768 
175.2620521369784 
1.7266098790544446 
9.72587598883337 
-13.674909477058957 
-1.1158381283075687 
-173.92989696919426 
10.982100092529734 
170.8764227186072 
5.650189777085379 
173.0220656964887 
10.420803879931945 
10.042393727775021 
-6.9085962698630246 
-15.126068057755228 
150.2906761236518 
176.81697519908295 
-178.67337739707057 
-11.697114349224373 
-24.34164442450648 
0.7826890758339674 
5.474352193580945 
-173.3521259963436 
-4.457213103487199 
12.683681896503751 
160.86243048272726 
-154.8757133309525 
-3.3831861353673567 
-14.330280719310677 
-5.886345975810517 
170.15932189254232 
8.840851011342014 
175.02636703297634 
5.868193272607054 
179.71743367508884 
-171.78575372814984 
-13.048014593219305 
165.41578001192667 
4.607820072265076 
5.645724389154389 
6.494753481009088 
-6.24746623589876 
9.152074874912003 
-4.300110341113079 
-160.9869889467088 
-179.27002060193897 
7.040014681148965 
170.19461030667966 
-159.74406597015354 
159.0046607069535 
-14.937631346913298 
172.64369147938282 
4.711054436214425 
-20.9530606900958 
174.70414402505443 
174.9947198496815 
169.0925247074561 
173.84136944916997 
-0.4522210138176058 
-20.211362730293533 
23.32997183074769 
-171.05772187790615 
164.47904576297958 
175.57017080509692 
5.51834180229776 
-7.702091782259556 
-165.03860392201784 
4.859849110554979 
177.3228090039092 
-179.59691326885738 
178.72872850839735 
-179.7901950706966 
7.765833023555028 
-2.8322093403510133 
169.3098022491006 
0.9302705677258125 
6.156579732861765 
159.75315312741807 
174.82067164571345 
-12.665563466070772 
178.08772369193548 
10.719674504438508 
-13.721462886989123 
172.21272361784608 
-21.38534894472204 
-3.4358630871176445 
179.14045530204854 
-177.83034278536203 
170.05993547417077 
173.69063236497522 
174.7527217944787 
-13.62982720135562 
-2.446765131669599 
-13.591327770098554 
-179.52947259387727 
0.6750046672795967 
155.63360552569102 
-2.5277234752316944 
2.6506259255111364 
-20.173441492389127 
-1.438217599301642 
-10.785242977887915 
-6.420295163623368 
163.88097378031466 
-4.446527464150481 
177.7343092683461 
-7.899166098510373 
2.168928495179381 
1.319290321778646 
171.54692334437635 
160.99762436701653 
17.898978522480675 
-6.387224506816566 
-3.8696996197327023 
1.3765992864934236 
13.790638023887007 
164.99356936395554 
-11.347415551523838 
176.67419098507597 
-177.63997954611213 
-173.23268109394826 
-177.82965813078206 
-3.8860860525047456 
31.435622138304407 
-174.113174592717 
-27.49342236929599 
-5.776927210898759 
-8.711410613633968 
-13.735930308544589 
18.93578519572767 
-12.006813568375634 
-14.919162175673844 
-16.833316680408895 
171.79601549236872 
-4.6903516674034496 
164.57772234984682 
15.7944102901644 
177.84519647401638 
0.26314533082843133 
-12.072663444360085 
-4.946728640930018 
-172.770954208115 
-5.433467494212379 
-9.803972449033274 
2.9815386286707755 
4.380346449609773 
-5.594825618876013 
-14.551854352382646 
176.32602435227085 
173.9480179476538 
-167.11994774630202 
-8.845159181282048 
-178.43447637643237 
-167.4077586380966 
0.9690360549310628 
-15.581360214592065 
10.492543975313799 
174.65253661926107 
6.175525534249548 
-177.96936782497016 
-2.2280692902747155 
-14.96469333649044 
-2.004796724756061 
166.21372584413822 
-173.99818696321555 
-11.32811156453377 
-173.9993345269944 
168.7273178273934 
168.83125217463993 
-176.2943980819352 
-179.80404795274916 
-177.26974940430992 
-177.03920921672113 
-178.01311244510964 
176.97663226282748 
169.99873371405272 
-172.66520189644078 
-176.11479132379628 
-175.1613885646477 
171.83170026072563 
-177.9960846125063 
169.42147296175872 
175.56460273299726 
168.96709720057788 
165.8220649663467 
-173.99205095304066 
178.88232190147676 
-177.88590754457655 
-162.0499175334352 
-167.99976616254557 
166.2470384733771 
172.45257647129944 
177.2743404061858 
-163.24591294757798 
0.770112924575709 
-177.50058110017847 
1.108907295606008 
172.9087703848304 
2.3095520390339894 
179.81631580498333 
165.31568205231514 
7.295302933161157 
-30.353457777608963 
-17.655974058684354 
-4.121533196074257 
-19.08010338222262 
11.973160115412778 
179.219470101703 
11.799504085368374 
-179.27547492681327 
176.1243215348976 
179.19367911049218 
-175.8204591768662 
-25.942842516503532 
-3.921721370097642 
-19.941562027256552 
-8.792274396635039 
-171.8779211931221 
169.7952169197754 
-12.555495031876367 
179.02842813481107 
-179.7617460970529 
-177.2045395784891 
11.445455775177273 
3.72607586846336 
-0.3632655666589432 
-9.560979848207111 
-24.608342321230435 
-161.91524924535472 
173.372656246596 
-18.03931464514606 
-15.459168131133135 
-2.9848079860556687 
17.51614278477498 
17.924303731935886 
-4.688133231160763 
-14.514671376947026 
-18.881306349556997 
-174.64237643108856 
-175.47882171709003 
-12.977039197606022 
7.817604307013477 
-21.34843238371303 
-5.583098940966868 
5.613623052162255 
-2.200710748915206 
7.6786664906673545 
1.4442092445641261 
169.3324907619251 
172.83121859089286 
-18.85645576487595 
-10.576627300139535 
1.0137493317405866 
-12.110657642279648 
-177.71471065037997 
-7.944973892898656 
0.5353218856709298 
-1.2188087121714999 
-170.33094428854437 
175.4431597149971 
169.49284180266542 
-14.362127724439636 
169.54237920335413 
-175.55725524094336 
179.78385140474634 
179.0099258756423 
6.7889215673725065 
-3.4371066944636195 
-19.663049211838125 
177.70217552381934 
172.08446337403484 
-4.920670186199587 
-174.725941930531 
-175.56772391535313 
-8.3468179885562 
166.24478010870075 
-10.096121501777658 
3.2292500080801276 
10.707322987464273 
5.99443577105479 
11.019894944889572 
-3.8843187667945616 
-31.220196624257383 
-23.785826649796682 
-170.685409112156 
-169.82781938201938 
-27.060869440547854 
-1.1268820538093292 
-2.2937705008649525 
172.00265528854246 
14.179338012499912 
-175.10381984078174 
10.098377988446108 
3.5161731161924963 
3.3955204054576296 
5.833643849520756 
174.8026738607932 
-4.894855288798482 
-0.4442231927799823 
173.43060122290126 
7.424449177272712 
-174.0280058596993 
-17.235879147432374 
-4.414883287794608 
-178.4000728582506 
-175.80742423036077 
-178.84703433278062 
176.00210665295108 
-24.09032256320388 
-179.17043114204 
-171.81237578325596 
-9.571283928721344 
172.70635857649384 
-7.75544049120852 
-4.880626144495562 
168.4860332551043 
-175.13311506826628 
-15.710021060741228 
-7.678952328244617 
-178.13171564111235 
-176.45632503212977 
173.87951127059412 
-0.011443272734547668 
-167.0279136792229 
172.05485315318066 
8.772137915278675 
171.8290962911449 
163.4164105976831 
-9.659410950941535 
-172.7913067087592 
-7.987939615011326 
39.67625950166009 
-168.7595365865232 
-12.927087249418724 
-1.5779761312998397 
-171.0696163925715 
-22.489165226271787 
167.50769406247954 
179.87437187607847 
-168.24362934299018 
-176.8559743669666 
-177.23134564872456 
-178.43901021008472 
-3.569421393704189 
177.11213829241495 
169.76538656455554 
158.41397673713783 
-176.73605590949234 
173.93984792648226 
-6.161092435750528 
176.48657911345433 
-178.18590394586226 
172.8347657639765 
-175.39937465472337 
178.99262412051124 
-168.53026263051845 
179.9526349592155 
-162.53173160408645 
166.85009673743673 
-13.42075484051125 
1.9227710359747516 
-175.1752326071478 
-170.75179869789872 
-171.07669333856023 
9.190975824346015 
178.3206077565341 
168.71767709271666 
164.32810999130916 
166.4873965622953 
-13.943252138755316 
179.2057912774471 
177.3908047854751 
170.52430400751464 
177.0697391719698 
168.75620227654315 
170.24003593083248 
-177.1783876474026 
-3.6429018428892816 
-177.53374662418307 
171.96975819294337 
19.75419820942499 
1.6175630261758096 
-19.14807333727319 
2.9806156341390233 
166.42340309545915 
169.26155853514717 
-172.9385813352093 
-164.8819472779815 
-174.35354594498352 
-172.58193615460655 
165.37868143620156 
-169.328089346199 
160.2597655191844 
-174.3023040874547 
-4.147600880632128 
179.18544643139683 
169.31277839912278 
3.3164926971329725 
172.70897134497832 
176.97355859126398 
-173.66239983466772 
-177.32518548769826 
-178.05629756595158 
-160.95978157730005 
178.73658283403287 
-172.8346836932806 
165.07892764629045 
170.35489763497594 
162.5303660322471 
-2.095766832440427 
-171.70796185533982 
2.5877419119650424 
-169.5070276273505 
-8.242721939034586 
-13.035659178671626 
-177.53928560260337 
-15.293854528756839 
160.98240675370576 
-173.58296586035172 
-167.84294444279323 
-174.27070352607174 
169.64595472084244 
-177.83866709127008 
179.92065507189514 
177.086746582546 
-174.53828035467905 
-17.02516316884629 
170.91375577894377 
-175.03814429829362 
3.1783551416050306 
171.06313864144582 
178.38747011096078 
-179.77400881646304 
176.27443694733594 
-172.72637290376193 
-5.65083232289284 
177.97894076231756 
-168.52143903636457 
-5.593415711109613 
169.3611909025958 
-6.935990084873706 
165.94583678894526 
170.61507043987024 
175.14551142941866 
171.65931316511495 
-172.32233141316513 
-164.93141363868764 
-23.285078907248973 
-171.7196014902074 
178.59816645260514 
-169.2096912916447 
-178.29652974830717 
-173.44995784761656 
178.6004301988503 
-174.0728676441512 
-11.443057491981667 
-177.84333022758722 
-4.650477243159932 
-172.3569073146703 
178.86792331828158 
170.74082055839486 
-172.87701114907537 
-172.35496832232238 
-172.44622877200672 
-172.7366113931585 
178.98069067519742 
-0.1199974783270534 
175.0603923108875 
176.05599255027084 
-15.04057091127579 
-174.70733096511503 
-165.6594984141154 
177.53653032131982 
-175.6754087063985 
-3.8405823502125966 
174.63540698611482 
-3.4375578263237325 
174.100860269548 
14.174174308691677 
-176.57732841249305 
-177.11331379662337 
159.9601211517443 
174.57228646002847 
-177.2921351870435 
-158.735639530549 
175.81093818078136 
-177.1226375099123 
178.8652894020375 
-179.96076080021214 
178.32662094422383 
-179.28382537962497 
-23.58536176199414 
-6.647754947311098 
-175.9290962934279 
-1.524931105861135 
-178.22000775365666 
-12.986766274608833 
-175.5078875039434 
-176.17283991472462 
174.4543148861014 
163.44142504449607 
-171.28048971886187 
-179.52632827408542 
176.44759122988205 
-174.93689654587146 
14.318004092835553 
-179.48579320389734 
173.30917250417318 
-13.044679598395609 
179.54363101789804 
170.3215261190696 
-0.1260935281946042 
-20.190608827380522 
-170.78431464495475 
-30.42442228200964 
174.93282523364562 
-0.9721501511170475 
-173.89784163682182 
-3.4436751676368482 
2.171471871030345 
4.012314117207797 
-167.7281023215488 
175.31907457900687 
-0.2696027475596094 
-179.55815339070716 
178.0824559687672 
-165.7580563814752 
-15.728595591206478 
172.72649461866501 
-175.89340800470407 
178.0171250509771 
-17.27799521897935 
-175.1656395265865 
-171.8215821782748 
-178.48476472662838 
176.40124336914096 
165.53280859715676 
-24.567279274202516 
-169.3708749336518 
-13.879880497903795 
-172.57929631142247 
-19.13415179405547 
179.49197098272478 
171.7520269032825 
-178.7033517551001 
-176.27011798800726 
173.5015324236375 
157.30391054405655 
177.22845875991317 
175.50370604340924 
-173.00480752630247 
176.71416406054118 
-175.98084918782223 
-156.87015781472513 
-177.72259256244783 
177.8326242530422 
176.4177408040137 
167.51485526605776 
173.0561054593736 
-179.54343304193384 
-168.51041127273476 
168.64617389342544 
-177.35073516878793 
-166.91307057978165 
-7.769431652053401 
-179.66800221823655 
-173.9025782810773 
-17.251318537195388 
154.918999737562 
-166.55141344636166 
-165.0349604156847 
-172.55224723634728 
-177.01305868008987 
167.97785741365777 
-173.85037465248567 
-177.2448642101517 
-170.16000769606032 
177.8322282732201 
-174.61982192444788 
-6.4396271717384685 
-25.295861316735024 
-12.622507456024175 
177.6582521178104 
173.65497433499237 
175.6786881914376 
0.19070122518326757 
179.09480292603874 
177.46487280628088 
-14.796706857099986 
173.700351786952 
-3.8799205898050646 
-179.82714140312092 
-177.76953318480616 
-21.230237989454466 
1.448184284489986 
-7.858853914846422 
172.14728081040604 
160.90240053324092 
171.45354293948364 
-4.121465798082245 
178.7706879886856 
170.12345371031776 
170.37971881551243 
-174.26237744935472 
167.9644086638193 
1.3835033956340523 
-14.80269218612835 
175.21865608333258 
172.947032416304 
-13.792997915715793 
-169.65051042128184 
0.6202204425363467 
-0.4423839623506312 
-14.505492781596539 
176.5947711342162 
167.47773657110173 
160.62981340673696 
12.364423679584675 
167.4606899486464 
177.2101797745975 
170.42016113560075 
-169.3418424380586 
11.301160994443572 
170.45147921299164 
177.04129073810114 
9.181296055220255 
-172.54869898526312 
-3.1310240554961397 
-23.16488503250909 
-9.291416268961111 
-18.163835209024562 
176.29608895710413 
175.1464604462217 
-177.28262275672202 
-178.3101552109482 
176.49168860439408 
4.1285277125170365 
176.90507290599217 
-179.82821381083784 
-175.57045667944152 
-25.358522231890607 
-0.2753341198361556 
-10.290033222119158 
-177.31048459249777 
174.1282289219728 
173.31535056855535 
179.2557147428763 
-13.14512249961803 
-178.1559036942698 
-20.065242520431024 
-170.06654778578456 
174.38139930890063 
179.731379528846 
-7.954609842372451 
-17.223164467217998 
-37.677500535906965 
9.855355456999002 
-178.44393262122554 
166.33968823304798 
-1.8549105050000083 
-179.8790837506141 
-1.7861063737212073 
-2.4365110680674817 
-13.651577125818987 
8.603668648631025 
173.34871778325694 
178.6761337303688 
-26.964482017980615 
-1.971206948237423 
177.16165160753104 
18.057573361790055 
-178.83597073373593 
-172.6694332049178 
25.395984773227635 
-10.790963757073804 
-179.5291586094451 
17.210098170828342 
-11.987287697535555 
-170.80924702542023 
-164.45733897346105 
8.850344362674894 
-154.47670944584237 
172.3598321196905 
-164.89329652686146 
175.89291937100126 
167.3506249077449 
170.77589092665733 
-174.8774490824017 
166.5323182789233 
170.21708365887775 
167.90105130462888 
-177.07364723053777 
-171.8169901029092 
177.23051926989575 
-172.19087541349649 
172.89326606872854 
165.4575269077152 
166.4831765489574 
-174.9241214401592 
177.08349185885783 
-17.476998804190032 
-178.2966800580596 
-177.08069578380477 
175.140693455037 
-178.9663759253156 
-173.71043017779854 
173.96449395973104 
-171.92920149187455 
172.813225752926 
175.86631223351776 
-168.62942370713807 
-163.0516723444984 
160.70822837570404 
176.02425832624684 
168.95503275383973 
-169.95406171006803 
169.76178128325347 
170.430916242783 
172.9108992727306 
176.851065832197 
-176.37552375124426 
-178.96369113555082 
-179.42315160000592 
0.5211107630312861 
-177.9384764426856 
-174.2393953953136 
-177.41235866176703 
-7.953990988970807 
175.67772464148055 
-177.66050626162635 
176.98489901630055 
173.254792688483 
170.74424380447792 
171.63029195349642 
-178.6480778395037 
177.50334160323814 
-172.95064384252547 
-0.7215700194077292 
173.65951482060956 
173.74809168018854 
-171.94667763178933 
-178.3756103112261 
-12.230211512197215 
-175.97901323675052 
166.69948290582002 
12.079570592494571 
0.5171696103922236 
-174.1090248871167 
-175.14744320469896 
168.87071283020325 
-17.632707678126177 
167.8862367519643 
-174.50000166643014 
170.8203470762062 
-178.85702899847215 
178.00286462152337 
-2.8505104280228655 
-5.24161792613668 
-171.88887833438858 
-174.90007041134393 
-179.361073546712 
-8.465187723750134 
-8.991295056857801 
-7.24734575313336 
-0.8330835214200565 
-6.449480668592231 
176.76478922068222 
-176.85671811776683 
179.05619145477493 
159.96697041719793 
-15.43192416825271 
-1.1781554284649312 
162.4960116086709 
-179.84257809844226 
-175.84771100462092 
171.5476713864636 
2.5935752452557943 
15.994961091761159 
-176.25153361205548 
26.26700223062219 
-177.8189903009655 
-173.10954757151174 
-177.60550999205088 
-174.49371522447746 
-18.632157941302683 
171.85602798764145 
171.9749232491492 
178.88512651954005 
-17.899862650218786 
-13.709013905549915 
-165.87940552072445 
-3.1434960895749797 
170.80759357585399 
-0.5334295098105468 
-17.584792218272305 
178.0914685197826 
5.928550338328607 
6.444292317977379 
6.383252148844216 
-5.576700647676074 
179.74279870535452 
12.608965891407134 
-5.926141537416666 
-169.08814465020453 
-174.55041018871648 
179.42641340315444 
175.57328725828432 
165.79748657573126 
171.45125839058784 
-32.053974111796286 
158.4240658885385 
-18.5643800759684 
174.7204735459819 
-4.400806647433189 
11.244079329230876 
163.4750441994343 
5.21822753265746 
171.48144959120327 
-10.642148004284666 
-5.4796190865466405 
173.01428649978965 
-9.874136814682497 
177.510843223411 
-5.957584831180833 
-174.7627010679428 
-179.41422779141865 
-12.949359873693496 
-174.14941292161316 
-6.309451591870519 
-178.2639233730642 
167.57921236274495 
167.17412777285185 
176.55563941829567 
-24.311077790984925 
167.77067923745443 
15.473610167128468 
3.6845920390101043 
-6.287343272935108 
-174.45276591467476 
-4.005227241444646 
-1.7987648810627195 
-10.118756046411146 
-171.27610723151145 
0.0857741108247163 
-167.36376345604072 
166.5117053722131 
-176.91184391317086 
176.18069605224872 
173.52035007467185 
-179.22979347832413 
-0.6429475165815124 
175.54366940603063 
-1.5577988225686021 
-165.0299194974677 
176.3431432889898 
176.6947579220458 
-20.32099566850121 
-7.506797127304154 
-8.939238892151497 
169.72820787962846 
-7.324946401974264 
170.31933029333237 
-173.48307088585767 
-15.240420764856749 
-178.02567659806687 
-10.80246906657247 
-8.631494771314417 
-3.1227660146762006 
-143.4968155878642 
-16.98781753151662 
-23.285697144531294 
178.03953793716914 
-0.09951391986776592 
-176.6012039627297 
6.981881264863963 
-4.57258038869369 
16.329682176236652 
-7.616117136696731 
171.7729859669543 
174.62962208127544 
-178.29322664675416 
172.8653362434577 
-9.3985509612 
6.37210524236053 
-22.15055219738291 
0.5533765870067417 
170.61073737382353 
18.44811375993701 
5.837645148980291 
5.358942370663253 
3.193267876890507 
176.09223531473796 
-9.54170223728089 
174.52770994435275 
175.69801446591262 
-169.18091303979512 
174.62236536706308 
3.4802208770289043 
171.08267960904595 
12.587082786286752 
175.93602715340913 
-176.9728553003923 
-138.452238821643 
6.04525223159996 
-174.67301252196526 
166.27607509256237 
167.43259695203128 
172.3224394622926 
172.8778933654958 
-169.25422512676994 
176.06772925616428 
175.75667217696324 
-16.662035603668727 
-164.05079662467782 
-159.64507298561824 
-177.50208104930363 
-166.84183442021813 
171.69944600699472 
-8.760827682301924 
170.36744799375137 
-179.6635082744082 
175.50063513281268 
-168.99399745518534 
157.55559801842827 
167.25162075921878 
-160.9099442287239 
-26.315995655625287 
176.41173001973783 
-9.52396090998439 
-174.4086505451664 
-169.79897686783346 
172.8033726518289 
173.27657478356863 
-175.5169279237335 
177.8795416090285 
176.95836432542478 
-170.08841521723997 
174.3535360332326 
-176.82991650999682 
-161.90810678803314 
-178.501647706522 
-166.28523180920212 
173.55720181509838 
-177.70932677244755 
-177.97351553614686 
178.30438440527513 
-169.22630882241555 
162.26428798974052 
-176.25557267750833 
-178.7137904507836 
-23.36310122927711 
177.39583585610205 
-179.77376953896345 
-171.4903901169812 
-23.56501001407082 
177.99959636907613 
-11.477767928123306 
175.82188437870596 
173.05385439853092 
175.6100321867902 
-6.081261066940962 
174.32971165513234 
176.4228462078825 
7.709881925039988 
-160.18408885625806 
-170.6916635308739 
174.18898581565034 
-179.8459904545003 
173.2926379152678 
-170.57883584604227 
13.136658046040537 
179.23518776502095 
159.59038306206946 
173.2748165100523 
170.18012740859763 
-172.2880142391475 
174.89230417930176 
-6.596786076544783 
-179.83008167724492 
-1.5690660778187908 
-179.2773606604336 
171.58192024440152 
178.38652069230102 
-173.80303538974843 
-6.082064344447105 
179.55411792113955 
175.36603468770448 
-173.59521385018738 
-176.9323821974299 
168.52540008744245 
0.5115578398363155 
3.8831693983202578 
-6.319350472797018 
9.051438889104992 
2.9548528501877542 
3.5996150418061297 
22.803771234721733 
7.237558335716984 
13.227082955685864 
-177.18893544861288 
-2.399417713820943 
179.14241586770407 
-7.343534053303429 
-16.266453493005674 
-10.988682013552417 
179.4796266554219 
173.6661607538401 
171.64106812504727 
-6.0534935130628105 
-22.91350007393696 
173.92409245602954 
-1.6761745999678208 
17.7037369417508 
179.26249297952342 
167.62914921163627 
174.31147471902676 
-176.13920003035938 
165.66278604440416 
-2.4280716656383787 
-176.57575358654597 
172.73773419111606 
0.06942357698875695 
-168.30763660667546 
-24.294583426637367 
175.77305601749882 
0.23379583985015054 
168.23453826261365 
-174.94371537386897 
-179.33462869131168 
-177.04103530476172 
174.6120125641546 
5.7471343194985645 
-30.261691963558043 
-18.46092180203898 
-9.883024579542962 
-174.54882859175217 
-4.53726986388307 
-164.49126141377593 
-4.249298461305919 
-2.440092339936554 
171.6534439809481 
-179.54933575545567 
-175.9008560793591 
-17.824922532554258 
170.8745366354824 
-174.67184127546133 
-9.448716155163654 
-15.082143758651698 
3.334456419051041 
1.8259889012941646 
-1.0372703433242996 
-9.81902518318587 
177.1070810159445 
-178.97037124058446 
-4.309973321660978 
-7.3586029543017535 
15.831598317379555 
-15.189018526351067 
-173.5319627195554 
-3.4044014202809225 
165.79636812162775 
-161.08747176776123 
2.528556846423616 
176.6795177425426 
169.78939076294313 
-176.68818962450703 
-160.05076725648567 
174.93313492939006 
-176.6633418549199 
-3.8597639566667525 
-17.04220899289033 
-2.9687460901216522 
-19.014670567017482 
176.2943585639558 
157.26848302290398 
165.95483072738938 
-176.28258177046266 
177.57716140774707 
-1.2228466922422938 
-168.6342962770291 
-1.3555741495998803 
179.468173694693 
160.5786087828715 
-2.5462137983070607 
178.96692059597095 
163.05012992093407 
-165.39416731184565 
173.49633716164175 
-166.79344672527745 
168.4441584212845 
173.57091042164194 
-169.32609464340058 
-17.456164150024545 
171.88324126263262 
-161.91247961994435 
7.378524857734891 
-176.75198320792856 
156.6860753406556 
179.27081626825367 
-6.803055183817837 
-178.84653388063902 
156.53821592679864 
10.948156056981778 
-27.564778658161064 
17.703887053403996 
178.70702223743473 
-175.2411930626505 
-166.87800981410425 
-161.4342446802907 
175.94329913769963 
6.424203939841364 
6.2891053905918595 
-1.2188052294555114 
-173.60921009525302 
-168.4741710309449 
0.7040842955334629 
170.31272973656894 
-0.12721536887685264 
174.13027524763106 
170.10743763563738 
172.70929878344953 
166.80131306931858 
173.31351580234153 
-10.225623754307017 
179.76964511992773 
-22.436355698059227 
-174.762883538436 
166.66719797683183 
-174.47547212762169 
-171.131321278869 
163.91475580097892 
166.91886236888112 
-24.817725324942412 
6.595535354488608 
-176.40482770192477 
19.048802916441637 
-8.5624215180247 
-6.657793143975711 
-18.19454883464533 
7.444382629394558 
173.36563402780627 
-6.630384995145604 
-2.2501793679143827 
-1.1256361971755837 
167.821338210816 
-4.779535716908389 
167.7841190044279 
168.4088333965527 
175.80727450398481 
-0.5806401694730127 
173.14891835180197 
174.11852868645994 
-9.262033229108823 
164.8822424719112 
-12.0885129628958 
173.73176216960428 
7.180008871045469 
0.6869190483637158 
-4.4445726791384175 
-2.1671508887771442 
3.205678300768553 
4.948092019728729 
1.3822631749227072 
-0.7448833396864962 
172.38561298028444 
-18.67639000372428 
3.651503072992543 
-7.9502595793842294 
174.02619444296653 
-10.468583291992621 
-20.44538263699519 
6.8661488059528635 
7.188502530541608 
-23.86650191339207 
-0.04994622222168615 
-5.996155241999971 
-9.228018055904862 
-2.5399069686793885 
-13.943828410964473 
2.2177176715935683 
-7.583041745918862 
12.121822675945884 
-11.142266358014183 
0.9020984311579066 
173.11021902184584 
11.417974908968059 
2.687255993213831 
-23.62567923650116 
-14.9846392919398 
-13.169713056702108 
6.579453545286006 
-8.70622562890661 
-0.28936471900444166 
176.0275625952655 
-179.1919230674154 
16.40911407878045 
-15.533136364196084 
-173.46942209296262 
-21.558391794864267 
11.153311581700668 
-13.468587452779664 
155.53196871941876 
-39.33141793250004 
-160.9008848072904 
-3.477590479717533 
-5.535253721344423 
-23.03074454443865 
-4.095464235855672 
-178.4476508372484 
-24.7183537734974 
-0.715999437852073 
154.7902875435031 
5.966062758904821 
-1.8806357519282624 
-177.13988882112136 
175.77116403278464 
-15.681316349567911 
172.18954621452446 
-22.891256725529114 
-179.79313977294078 
172.46452414747986 
164.9512428207845 
174.32451627420218 
172.5775023698167 
2.0759112966226763 
179.9149507519064 
175.63829259460854 
-173.91789106142505 
-18.807298412874076 
8.188800829158104 
179.06193239824123 
-9.817643984702304 
-178.96635711695768 
166.60398774747094 
161.31413631622058 
-171.39069080364385 
-7.552680462856214 
-14.516021845960116 
10.134449436265397 
17.189153704468936 
-177.1656408538546 
-14.354260551757863 
4.813274999667122 
3.172943055620347 
3.7830383577290467 
4.134020247644935 
175.43825077071503 
-3.475511098605089 
-179.91419887977747 
175.47472486885238 
-6.0221502645270695 
-13.499733340918285 
-10.262509878083794 
-2.5842288404498577 
-13.791598653438387 
6.979505738545739 
-21.41293955332651 
-2.0349246341355878 
174.36560302987832 
-34.85911981728191 
-175.98631790992724 
-170.1179974125734 
-178.782214521739 
-7.0119243455903435 
165.0992175829102 
174.03783941993404 
-5.706611607415844 
177.0230247484601 
-30.5755605734309 
-177.826589324224 
11.171546531762123 
175.12405950498885 
-6.352548654967117 
170.97994828855659 
-165.2964423211614 
-16.31756230247602 
-173.35768915492423 
164.68378930949234 
-6.456465593721405 
179.60715934640817 
-0.08923192502264243 
-21.019943284969784 
175.55315725540024 
-2.551488031620874 
-176.541547174609 
-12.260669468744194 
-7.417771002749629 
-31.666980033779744 
-4.591270878762344 
-6.804377460292931 
-10.116649955076275 
-174.35507340538032 
-24.339974086290354 
12.4556055882665 
-36.129207894405745 
4.2570010471612765 
