154.9526704194209 
-69.48977434555971 
-82.2719900225091 
107.05060547518936 
98.96962706499154 
106.8520719012215 
116.09295060137148 
-52.215566434165275 
118.87209375502167 
72.10710398228575 
148.70320663996995 
-92.79173798972593 
101.52495307972389 
-104.78320329139808 
-84.07238741990393 
-64.56520578632382 
-74.58596198952705 
-108.88244791626092 
-92.15731037745664 
93.65253559053087 
-64.88404544853798 
-50.675807607433825 
-102.44553851117352 
89.15333847932261 
-86.79746144801246 
-88.78904291397919 
100.62620115540066 
107.42864164192733 
88.15098607659978 
119.67011173000004 
145.3105957456271 
-99.727285099168 
-87.75021530644507 
130.27886540592715 
-68.37873850422706 
-80.20536246352464 
-95.46029906461794 
-68.94194640394095 
-76.71964066586558 
-75.26093638505863 
-102.51070218289868 
134.8079838672778 
-84.0851366899148 
128.4658468585798 
125.67804448744461 
85.48713107811076 
-75.24046013639594 
130.47412276387212 
147.59357100524497 
118.44799741659709 
89.55156778920966 
78.76400521553833 
144.12789265478264 
-75.99755639563739 
-69.43254059024333 
-83.72096289128187 
-84.93942884328156 
83.28755562585309 
-51.334874445274224 
-59.00804334088346 
-81.37513132198245 
-86.84779207053072 
-76.6559977771095 
-69.95670945529909 
-80.31584036611012 
-66.24454119066998 
170.24248018345332 
-68.77447748922296 
-73.22361789051372 
-104.1449379017041 
-86.86265326609899 
-90.87246324585927 
-47.05664043176803 
94.03603979589151 
-107.7178329251853 
135.5443879616507 
-52.63657613165823 
102.0126899609355 
-73.25476798254695 
-52.819634353894216 
-80.51098081394085 
-80.88702118964619 
114.34314884972285 
-68.25446158001924 
99.73236160569655 
-68.75382499319305 
-96.95409491873663 
-48.31520464760413 
111.86226124802205 
92.81021829564756 
-66.31584430057572 
-89.56128151624706 
78.17229741702148 
-66.16379122439497 
-95.74848354389479 
-73.93844711670864 
-79.54910182162521 
-79.04780215488343 
-74.80186593715328 
-71.17325926234987 
-61.00103816637789 
-76.6050382891704 
-73.09641195257937 
-33.568158534475415 
-81.04013068151386 
-65.80053028228583 
-76.21202563078323 
-90.29076804036801 
-47.63004549388851 
-64.75563220533158 
-74.32727086473804 
-97.99766535988826 
-90.47163996497447 
-76.60522358492575 
-70.18232331521313 
-92.58234473503387 
-81.37084959393263 
-74.30773100136449 
-97.91296650795452 
-60.841211572644724 
-90.11995505819552 
-65.06778233028012 
-97.4431529956202 
-95.97670316095743 
-86.45419871006135 
-76.71833876996145 
-72.2550682051972 
-73.32059080299696 
-73.37013198185959 
142.7114426263795 
-59.40085844540206 
-98.74466884206865 
-86.28144362489212 
102.92819430838951 
-47.08288567706565 
-62.078064686434494 
-79.35333045751224 
-103.14358926311199 
93.95889907445768 
-92.85922865941988 
-77.55740602593572 
-109.58849424159662 
-71.10886247518317 
147.19380189872803 
96.51514826236699 
84.26432422874066 
-79.98745222373348 
-75.2041548938847 
-61.5168103843588 
-97.4241203208962 
-79.08489711590502 
-83.6692538783048 
-79.69990165642248 
-75.93463918338085 
-65.7773116202447 
-76.85185629466994 
-82.30124137551694 
-81.04061078902946 
-73.0359693341512 
-87.76678691008001 
-64.32197497770561 
-69.51044832828624 
-72.85114975985972 
26.815162807476813 
-75.34342481397263 
-101.12111035695791 
-56.83714497185295 
86.52264031815344 
-76.08159473431171 
-62.83490631155073 
-86.18247472676983 
-51.88358229196197 
-71.93831347073952 
-74.14662468087784 
-74.46381070121924 
-78.80811570006796 
-76.96063422281371 
-85.03847483953179 
-79.57764120452019 
-84.95494399395143 
-81.52569381588454 
-68.750652796231 
-63.8029910562558 
145.82928117160066 
-82.49279132488986 
48.13581826531514 
-95.7913335331482 
100.76061403501626 
-37.08736732210174 
-57.90166975527699 
-73.20572539862172 
-75.5185849736314 
-106.53757317280177 
-97.85504362718724 
-87.95176035628582 
-82.38640683482764 
-48.12464246368961 
-75.27279565465042 
-50.44296622676941 
-75.7749018636379 
-65.07511068076627 
-60.06635375262679 
-68.6730510623663 
-88.63258225183498 
-83.33876773877702 
-106.85781152703751 
-80.29610604053573 
-103.2677143839179 
-58.68866317927945 
-63.87393652988471 
-92.50901871044815 
-75.22058531911578 
-62.115344707279625 
-48.211942341295085 
-98.02159561531714 
-81.35677732998539 
-94.08605702625077 
-112.43304495596244 
-82.04603257303381 
-74.17761211164198 
-68.86765725958773 
-62.16051631151302 
-85.51159402868271 
-65.30841793763895 
-76.14406886082168 
-71.98811596480829 
-78.02726562947657 
-86.50160230121521 
-63.66950151058968 
-87.10896122444967 
-65.00600977571976 
-52.81092219033508 
-58.95634239319255 
101.30063570452133 
-79.97759080694503 
-83.46920827444764 
-73.40001399558491 
-47.29758546138082 
-78.43465989972917 
-79.22949110033646 
-85.42629007610842 
-91.22981548721273 
106.30396740757494 
117.86925536855935 
-75.8565050418128 
-56.19793861075759 
-52.612500769070614 
-74.46236873897945 
-64.02330057726441 
-67.03294987436254 
87.4331387729428 
-84.25986453499762 
-50.293405962547176 
-65.89655044576227 
-92.94739851209634 
-69.1237841506007 
-60.655052316939354 
-80.7253203558413 
-109.13421829811155 
-92.7463631975624 
-70.59122185829408 
94.3527443818259 
-59.48793785983189 
-59.247417531346954 
-66.55936563051071 
-79.21848144275042 
138.30467884068807 
-58.60282617805325 
64.39419750813366 
-53.619684169273924 
95.67915217920601 
-71.55195302935527 
-56.24097323159713 
77.62307814841402 
-107.79837738739765 
-39.112424353096905 
-72.59725417040681 
-58.84919095160652 
-97.74186700046401 
-64.4757074789155 
-69.85042245669734 
-69.37662827295142 
-73.1386246754091 
-50.951785272413744 
-92.5550352121106 
-81.27209911492712 
-111.09939795065634 
-82.34128910263284 
-56.88171799020162 
-40.79639789359699 
-66.81779743998521 
-57.25598063625813 
-83.31508686668363 
-67.48210697708174 
-52.71187698273329 
83.25768976576894 
-94.37888858796788 
101.95464747444673 
-64.92926693247855 
91.28084058594206 
-73.51890372712423 
-71.40404219940466 
-84.34009926629528 
-84.87102690829228 
-47.836281518650075 
-73.0317554484817 
-68.55652768974444 
-69.36778996900642 
-67.60519262434492 
-103.07532092048478 
-95.64729233680842 
-65.81840883140076 
-76.80554298321194 
-65.25265848995652 
-69.8281627502944 
-81.61936847051514 
-79.66864888154814 
-71.92248050033997 
-64.53224305173437 
-71.59836128985738 
-86.14914686544388 
-77.33821455220763 
-77.25653954352121 
-55.494895352952135 
-76.32464489170529 
-68.20478074930733 
-61.72715892237774 
-86.0350300072908 
-71.34787724156351 
92.80031766727176 
-114.2732650867074 
-78.03665642417157 
99.89827035304758 
-78.35958016079924 
-78.22095815995405 
-53.80748864482429 
-58.745117324425905 
-84.88821582708874 
89.03497127814396 
-89.26770847756475 
-66.87769650772272 
122.93464666525946 
-68.79409851703129 
-74.66179620174448 
-90.19270838300697 
-65.7587879192933 
-85.08935669504032 
-72.34756000688796 
-60.7504404722494 
-51.377277691356646 
-76.53025527635806 
-79.57210825224003 
-70.37956938546529 
-64.64528362204229 
-54.23925527797559 
-71.19529501392984 
-85.75681633539513 
108.98723955742447 
-87.1249066627285 
86.019651321232 
-57.9838195417676 
-64.99914315545033 
-53.81897275224813 
-90.5239659429318 
-73.44100684424275 
-80.65862792792163 
91.80327598999776 
-88.14775530125588 
-66.84375731047103 
-94.79663215520519 
-55.508757676378686 
-65.8159992724519 
96.62592246589091 
142.45921495569988 
-64.42945041742058 
-59.06116543512707 
-69.28227122473018 
-68.41693170283673 
-46.669557355483136 
-65.42758849225088 
-51.517854046710696 
-71.09478247090789 
-88.26722207442718 
-51.80696054223104 
-67.98790193409155 
-86.4953113036405 
-73.2118553668634 
-59.313359724874 
91.901578284576 
-80.67312383534959 
-82.6678375380023 
-50.230751411380645 
-62.81639818332949 
-70.34267908994619 
-74.83446603011954 
-68.36999363527379 
-65.80933748129664 
-90.73114356847938 
-71.00551856165835 
-79.51508329539588 
-68.97860608807858 
-55.904114453103986 
-70.12675266933879 
-68.67933349566009 
-83.01803735302386 
-53.252369836646906 
-66.48482688921163 
-55.73391132004074 
-68.27757205749572 
-67.50341601022224 
-82.84908625296733 
-89.89879701044514 
-79.81966897749045 
-80.53507420760752 
-109.54914419957404 
-95.6900491490398 
-71.62688023964517 
-69.88312064710095 
-71.1970193393834 
-92.97777167082668 
131.53689692748517 
-67.93323662132256 
-70.58680764121044 
-75.02413561997018 
-57.37701669343673 
-84.41638486451357 
-63.276638203053146 
-76.2010528665105 
-56.02913967372531 
-58.829460059236006 
-96.43429794381404 
-67.85776754190279 
-82.05189611710118 
-60.176335516187216 
-54.11289239033274 
-73.39299545030478 
-68.2111566331523 
-78.24919119325024 
-63.16283421038957 
-94.4293083031466 
-63.09405536859204 
-71.90591803246822 
-87.96580145298192 
-89.40319696254817 
-75.64854386468377 
-85.80563689223247 
-86.8832012257323 
77.37660046681034 
-81.05067722854889 
-82.83075716935465 
-76.2688140947472 
-83.95268370689351 
-75.62001023965783 
-87.28035294320124 
-74.39858579601356 
-79.31695071796972 
-79.62517635905259 
-79.6233473948729 
-75.84377345962747 
-73.76101246440643 
-109.55112316794279 
-92.98584865825477 
-71.34410931828089 
-95.47310750342503 
-75.48381355926155 
-82.0453853077438 
-17.575500242212424 
-56.41806070171465 
-51.08065122211502 
-79.09448394291992 
-69.77993949535052 
-87.98936337033848 
-79.87859583020185 
-90.35692253994344 
-77.1805216888899 
-61.78029418865947 
-56.71198128548082 
-130.06890668828123 
-64.3247079499575 
70.83753229464051 
-68.2729686962993 
-77.24089886663823 
-59.564366363519206 
-97.51464966137112 
-91.9807060031411 
-91.95339168401568 
-40.684322772874204 
-89.39577780994028 
-67.88523552784476 
-76.11015906253319 
-85.50586433316315 
-72.21895552638863 
-86.38474541842695 
-75.37767506763066 
-67.68559059134472 
-65.29420685495 
-91.48988344882832 
-81.95348730021512 
-95.83588829111193 
-65.07148758063076 
-46.53714569392294 
-58.6422897034932 
-85.01378852426238 
-62.50083732147171 
-73.67712804233608 
-57.0325073695929 
-89.16268321694291 
-74.32225974682022 
-57.83492917005398 
93.21113818428971 
-66.2776362298151 
70.25343224393447 
-72.86458880933671 
-85.88620676491652 
132.7820949288357 
-86.36633219814576 
-65.9994255235917 
-79.21840026511006 
-67.7625726605157 
-84.21956959019562 
-77.23895984289285 
-70.73192651390528 
-99.89544362753468 
-53.15187159905173 
-74.40867438359565 
-56.21867719713348 
-83.38274167942588 
-88.4278902291963 
-78.44347739090222 
-74.61314578426948 
-82.80970430473222 
-75.00065216373277 
-59.11838278271967 
-64.27497417206429 
-63.780812750831565 
-82.5198309337176 
-76.21235279486368 
-68.6032000206208 
-74.91532085137058 
-52.61882663332574 
-70.91371834204195 
-54.61629324316269 
115.43524868261763 
92.1726025578228 
-64.06054307736264 
78.12539492287303 
-65.62838965572531 
-75.48283425467838 
-14.490029207850574 
-74.70245411314414 
-61.38796939196027 
-34.725729762131515 
-104.59058873757829 
-75.1763852348311 
-69.74622326497871 
-68.30391232711659 
-116.40082359246976 
-65.21273363694279 
-77.22420902154742 
-83.14883413590478 
-58.0712828815383 
-79.23177176147986 
-71.22793711463893 
-59.183035364111795 
-62.67182395807809 
-68.38550437550154 
-67.39699075744352 
70.4722514032359 
81.27331656737917 
90.4032538581585 
-68.28845317045854 
83.33846861341864 
-76.32355742160183 
-90.7579399035527 
-81.96180166374157 
-106.92941303460385 
-34.08535269768287 
-75.82843661073757 
-73.3829931461104 
-53.26624900907417 
-68.44109392473796 
-77.84055285429851 
-101.60522662734428 
111.21182834443829 
-60.206066452682 
-84.08611487318882 
-86.23243250867509 
148.2262379676957 
-89.03237855292791 
108.34929897027372 
101.21677782587341 
-83.41210533085717 
114.13286943917335 
86.24302090382008 
93.67810804401756 
-81.80612317627158 
94.78096005257223 
-64.86162392903717 
-61.81905602844101 
-91.43170970860254 
-80.97401871279938 
-54.31175718740556 
-68.31503763797417 
-82.67655770866598 
-81.750427616854 
-71.72176839615696 
-92.04734194051017 
-98.95486030400514 
-60.91349311498285 
-32.2472508359707 
-87.73984333354358 
-58.039365577497094 
-59.711179894863236 
-78.25835093431719 
-74.1039265154316 
-88.73913926961265 
-65.31012829383552 
-68.72664711438992 
-72.18414821232548 
-36.56675582742604 
-61.523180943549036 
-76.7296361539628 
118.05527140857386 
-73.22682021982612 
-74.96058433742475 
-72.49566276167607 
-68.38948664127011 
-89.914486105976 
-58.43126548596491 
-69.87720129368147 
-65.76944356775302 
-83.14865224885921 
-92.92767253876761 
-88.48897193826357 
-77.2350392536141 
-48.10714397205582 
-91.90803228394927 
-79.35383746422936 
-77.91342502461609 
-74.67279946119419 
-82.26841678819214 
-69.4013870228877 
-69.5722211787528 
-65.06841765914359 
-82.28368340022098 
-84.6751555957682 
-76.88996823966637 
94.08052775910552 
-84.00391440775037 
-67.84241392342784 
-75.05358608855062 
-87.09602802367286 
-80.32521427024639 
-53.529211442726854 
-63.678687634333805 
-81.77669136899718 
-86.7888378210846 
-66.75793647923872 
-82.96386326231313 
-67.90573467682302 
-74.68639352563144 
-74.41420897100774 
-65.11565485201629 
-82.46004460013465 
-98.77390477976972 
-60.4160977336042 
-87.06264419853008 
-83.61980840562485 
-77.78311889778671 
-97.94324107264869 
-107.7057091031114 
-86.52389077635327 
-71.63391707808175 
-87.21526678976528 
-78.63897610201222 
-61.23904422383307 
85.71091947832711 
-61.27021367417796 
-110.31331753003437 
69.98151992575346 
-73.93672735221624 
-71.63179953113529 
-88.65502411420475 
-68.35223819048866 
-79.38818994184518 
-72.59492151661465 
-73.67475285406846 
-56.20163103054472 
-64.98409476412307 
-46.67682018327776 
-70.09169236445692 
-63.35418540307859 
-70.84412012026509 
-73.3425152199057 
-74.45332581947109 
-75.72203143181476 
-58.055437125837194 
-71.2793308176028 
82.03939601566616 
-73.13159374758825 
-71.57793434319211 
-71.54616342879723 
-66.80668426010541 
-113.45447505520174 
-91.96789927206146 
-100.7539113863242 
-82.17153128502922 
124.12635675654545 
-61.119874192221566 
-60.74096496947089 
101.53912623356777 
87.83856162025606 
99.44482770438992 
-66.16657383866438 
-71.97985285710523 
-72.1665417952087 
-90.35611894182179 
-59.129738876873624 
-81.84200015580349 
-72.1641794343026 
-96.90562244163216 
-74.33031485744013 
-55.43349283726278 
63.67085419938523 
-102.51749646644143 
-62.73621204580323 
129.05438683646895 
-80.57488652903596 
-83.52974335449207 
-65.69574392451855 
77.36747931723053 
-98.47339230923733 
-78.01152784196543 
94.25527811504695 
-86.97081556418563 
-80.05574378383159 
-73.31402699216397 
-60.950410834994464 
-82.3544421506904 
-96.73153000000016 
-61.34293889856788 
-72.14879170780812 
93.5901350860665 
-96.45063189380399 
-64.63218985802087 
-68.02258742747094 
-83.63129502030081 
120.01481115763208 
-91.06481250812645 
-71.89540253084611 
-61.54890866968737 
-80.92923691860508 
114.59951058107855 
-82.18101537390041 
142.97054080030827 
-85.24237761300826 
108.36534363483321 
102.4015123549076 
127.67976002045836 
104.09409366696218 
88.81529507876401 
115.45576199252827 
101.32806131582602 
76.32079871008548 
92.92409864668224 
96.09189483266601 
102.14832249491404 
71.89990385246749 
-40.941065642831944 
95.49163244661132 
68.24385193167082 
128.4003436254319 
-107.22228504768259 
125.02757561334276 
111.24747985746478 
-71.92796858330644 
119.9717728500854 
-72.3605862334051 
-88.2856683017094 
41.551578927168286 
-87.77985963915869 
-79.39775260834747 
119.93204071464926 
-75.06235892917874 
-61.29796076882396 
-89.69964908568666 
-73.5700792373414 
-78.27503724203197 
-78.36245910037276 
-73.43325609912809 
-69.0052296607633 
-85.03867656376153 
-99.3447141791688 
-77.75492651981487 
-90.99099229833968 
-59.04974994912286 
-71.21992712891395 
-85.99551338000033 
-79.40046176299487 
-76.98977152159401 
-92.20388546610813 
-50.133873518300234 
-63.920938715137936 
-33.30390277362431 
-76.89041475022012 
-53.24721486059059 
-57.90686592410587 
70.34097928971889 
-67.73429812244767 
-75.09195508470991 
112.94592292832726 
-79.82821825965603 
-82.30247009400381 
-70.17284646914723 
-114.87633791513812 
-77.45218499597537 
-68.30874405858252 
-87.82394528877136 
-41.44848131466009 
-75.70347451001341 
-80.83476461157936 
-67.26276172238657 
-78.67869485789686 
-61.33934124444751 
-84.08825490930752 
89.62808778587764 
-86.6830914025564 
-87.28145309283006 
-88.08527374601478 
-80.90602934161984 
77.8313723120737 
-53.35961188089817 
-53.119268023206416 
-86.18964592567842 
-93.72980277068226 
-68.87577671955513 
-89.25416749950188 
-68.08778959401334 
-98.16518772537616 
-80.1166116673777 
-81.31716955093854 
-69.88732862321862 
-93.77740423543125 
-72.57493080999 
141.71699153665475 
-82.55736233358238 
-82.01098387039588 
-44.83515877238099 
-88.841175382393 
-53.724829879923185 
-52.611171139724945 
-86.76519433380982 
-76.70912454851067 
-79.34293166258989 
-64.2404327520089 
-65.72236080991532 
-79.71138112209562 
-66.52024497652694 
-71.25694783398313 
-72.77502401883855 
-57.10595674201898 
-85.5549812822695 
-33.36272166964907 
-65.18729597798104 
-63.37486362205471 
-79.16365199714934 
136.87549507826142 
-79.83843529854707 
120.63672739029877 
92.66314572761534 
-78.13143264358497 
88.8476467822841 
-78.90416576035351 
-77.31415001181783 
-84.10884737158703 
-45.860004316219936 
-57.77143732759787 
-80.9069551349261 
-67.13026493685064 
-65.08516044272525 
-66.38109803759758 
110.99235880848407 
115.19143648651081 
-82.73202562563374 
-81.04340219905879 
-84.267540586559 
77.15769743733819 
-64.61733055559066 
-80.88685107288072 
-75.87162745642208 
96.38200507414447 
-79.00861495271009 
-106.77971134224516 
-68.2014907379014 
-90.49259676094805 
-73.86622041542618 
-63.47051816769432 
-65.56066804244333 
-112.35300213591199 
-108.48481141265273 
-80.01203936033161 
-72.47735618585054 
-69.9118545330315 
-83.73920196016925 
-104.13985938583559 
-84.66476952337035 
-71.69340733305047 
-75.98389517712874 
86.60753004869461 
-61.326690366620646 
-76.96446065473067 
-78.20270725279586 
-58.566099950911074 
-107.32476129740803 
-87.15239605761911 
81.04144803723018 
-66.33537284537225 
-76.44707119548806 
-75.62534566546391 
-78.53876150939846 
-74.34336037758167 
-85.93653274928035 
-80.37990531850532 
-67.0197415427183 
-69.08336400931914 
-80.03664177190188 
-72.29083707082256 
-63.35605314228442 
-76.46528280328867 
-76.80869611892243 
-69.73748223695439 
-88.05622668958368 
-77.08432082120366 
-79.39619839812568 
118.03197166874482 
-78.0828271870357 
-77.17633550919972 
-85.42227788782425 
149.48029773982458 
-73.3227324780011 
-59.447535085288386 
-60.76329924924188 
-21.35732484791412 
-87.49439503368387 
-71.20969003086792 
-91.19290743312636 
-73.4692685920663 
-81.90811292250604 
-83.6004903413353 
-78.82941038543429 
-75.99088285307037 
-96.02722559978405 
-82.61235588126108 
-85.04358830303816 
-73.38804076448618 
-55.948292060763194 
-63.70133668432104 
-74.18051847279385 
-93.69687447908481 
-82.64044573159774 
-90.14620097752503 
-78.35219943593745 
-97.96189227178431 
-82.84856389728482 
-84.02909383867687 
-43.898653564722785 
-59.82601863581911 
-64.36065411971916 
-75.32728588499025 
-54.6525519656922 
-65.49814552118377 
-81.84002852648571 
-81.95438339801991 
-90.97413054000808 
-84.80729582232864 
-67.06059565286948 
-89.10621887732066 
-81.32817414617061 
-55.34623409103028 
-59.76094277101309 
-61.48953317423057 
-60.448321797201345 
-90.58299042781158 
-66.26095947650475 
-82.45836082782725 
-82.89680683172833 
-75.64142173509718 
-91.60354502505797 
-89.34644203294067 
-77.10851805535447 
-93.5062123092416 
-50.04858736220221 
-74.632655353221 
-96.56737121648817 
-49.661441974259716 
-74.78566378697538 
-58.902450480347554 
-39.98381898835159 
-48.05110920269229 
-70.35118342240922 
-64.20674494772882 
-86.79469869341457 
-88.86635113601831 
-82.3665387786226 
-130.48168978518862 
-77.94777622861383 
-67.5195209344888 
-89.06867606252845 
-88.55893909423328 
-82.03771778131275 
-63.75738906741843 
-69.97708954808355 
-73.3439529062016 
-62.278795649080905 
-83.80771758176962 
-58.02541315788964 
-62.2417636942194 
-102.27792910086677 
-84.21442412162615 
-73.4072477583165 
-87.6403271452288 
-65.09801572402621 
-61.95633802603797 
-59.13309831267301 
-61.61246567344006 
-97.93142158505397 
-64.24504784804604 
-59.22302990745361 
-72.42270364629847 
-58.63109949060108 
-54.04803068346847 
-70.26483285934374 
-103.51171287500631 
-48.64364027427047 
-52.299280714690404 
-97.25653677309543 
-79.37945837466478 
-66.080696051895 
-117.32701074254557 
-54.79181456784335 
-88.66573548794501 
-60.71443681957159 
-77.21525962056783 
-28.865017528587167 
-61.24887640871211 
-70.12104652989167 
-58.43358675048641 
-111.59736502432561 
-67.54369832165548 
-57.22829779378305 
-76.86894490373393 
-71.78864880834388 
-69.76871233719457 
-98.0090777489309 
-60.91585757484186 
-58.890286483759695 
-76.34174624493446 
-77.60060805822384 
-106.94393999183816 
-54.888247445032704 
-62.06785672009509 
-50.69216239323486 
-71.04557297925271 
-56.778870952901656 
-64.60239337050369 
-79.24945651537602 
-92.27370859350252 
-74.11106015881073 
154.66227286362243 
-76.26362510305866 
-61.066733291117835 
-83.10159378439675 
-85.7948965775028 
-85.77349418993364 
-72.715405797266 
-64.56766511505133 
-86.61296135675076 
-78.10369295061179 
-65.96958932172122 
-83.03491013131678 
-61.89058900024954 
108.80592715132208 
-105.49658233709674 
-70.1513874875492 
-86.15444856106816 
-89.40729254899655 
-68.70630472492665 
-69.2406601910928 
-92.94151535438492 
-67.03879693947519 
-96.40179046625543 
-68.77416917304241 
-70.38244065770367 
-73.90470226694104 
-98.38802800920324 
-78.6238234051525 
-48.698215623859916 
-77.76617943269382 
-70.97126714276548 
-94.4816509992898 
-64.70367177932505 
-91.35228598846864 
-58.82181006007098 
-85.87733710209933 
-56.371134963737745 
-43.98508040896234 
-58.34612382742696 
-77.17588576331478 
-99.98263686370349 
-106.55967400090138 
-49.712094797514844 
-70.05836714876226 
-98.07987539056623 
106.55803961215848 
-72.15542449380445 
119.19311928820973 
135.5528081875418 
-75.01857431494228 
-59.68887734283815 
-80.82563039222534 
-99.47448549219568 
-53.04063951621273 
136.66135019156908 
-83.36037582289046 
-78.04592015977752 
-63.25736495019914 
-69.06566715828899 
-75.08663615802729 
-79.58292019079468 
-89.72934541262698 
-59.87635695015803 
60.13713284328298 
-60.10028413301779 
-78.85366333428975 
-97.96064190684619 
-65.63011412969375 
-97.8212806214484 
104.6805773249058 
111.96623558138256 
86.47742662302453 
104.82501103515911 
-84.16614034376683 
140.2593754030194 
-95.02809014327673 
-76.33989847107898 
-64.11267136648307 
-71.61340004247377 
-84.44533912372277 
-36.754461281792565 
-81.81356243588935 
-62.89890491620438 
-42.0715712613855 
-74.37274662536431 
-93.96516944340645 
-92.66971675133898 
-90.5289568897274 
-67.82746111450903 
-88.16851658425395 
-79.53890925522965 
129.95073656857215 
88.48023523449928 
-64.55408574854808 
-109.43996468784815 
88.54665541178642 
-85.24222257065375 
86.19356972003077 
58.98896960527481 
89.88746326657004 
78.35959128168129 
-76.72031133548768 
103.56620838600485 
-68.20875784976087 
-94.15822915294235 
-69.99003546470091 
-90.60077713745991 
-103.96760317785639 
-84.43654443875712 
-96.19912327302484 
144.39954413820382 
166.34829282399022 
-77.51163270681116 
-54.24711465139164 
86.07601880232482 
-67.33859494956566 
80.25151073925335 
95.54750041056454 
-100.77457225743838 
-152.90632610771016 
-85.30108397480184 
-89.75452331170568 
-55.307409802554254 
-77.93240558160102 
-83.68973609278524 
-102.48935438522277 
-75.5813168865125 
-62.22412442285479 
-58.57781799923487 
-63.08025667149979 
-80.65598504579526 
-62.45616961556431 
-76.68241008097935 
-65.6783616294615 
-82.80910526690175 
-63.159029792603825 
-78.70763577480817 
-86.91363210928976 
-53.71593592845963 
-48.41219543503406 
-49.49465840283214 
109.23117363753236 
-79.48532962713814 
-68.02754357346751 
-46.31134982682975 
-34.206287104372585 
-104.03182357184069 
-90.63171476387663 
-62.50521022383142 
-77.60735479424305 
-68.89670553514705 
95.93585942840944 
-85.85948301091327 
-73.18937257068902 
-100.06617949711543 
-57.379710338432254 
102.58170875493819 
-79.27303963140122 
-86.43619614537882 
-86.36216515533475 
-92.7533419355786 
-60.83587372751733 
149.28160277196534 
-55.270118770754834 
116.07549761949578 
-77.27987910904561 
-44.784079560039714 
-74.1241665014074 
-68.78412551982603 
-53.42376235007628 
-69.9616333777204 
142.69520926650878 
-58.931969562686355 
-73.42015247417608 
-36.720954717190935 
-55.92337106602603 
96.60509655607964 
-84.40464588604168 
-69.63280098460446 
153.99079024456495 
-78.00739616327039 
-53.88414696659104 
113.68652839489447 
-89.98392099869663 
-68.63607237886286 
-55.11443246500342 
-66.19583510358257 
-60.46524182414301 
-80.86280243048677 
-71.88407043031522 
-59.3067085305905 
166.82430242454942 
-68.89887892622828 
-53.17779431178752 
-67.20249647422034 
-45.530639907211125 
-102.96446481463188 
-101.14622800423331 
136.29634634209424 
88.86916069461427 
-59.15664100769247 
140.67130509359276 
-90.38749293906066 
141.84941521766837 
-71.83445548955241 
-78.58532167340014 
-55.97734654594307 
104.50678661971419 
-76.50261227752742 
122.94132260895205 
62.90613049731252 
-67.63801375469274 
-64.38509050581062 
-54.99831547992458 
95.55837811715264 
109.10534659750529 
-55.26634949458663 
-87.8046983020675 
-79.572354231754 
-67.40116609329344 
137.45662810650958 
-49.46355244276809 
-76.83840882035457 
83.36287791621518 
140.93559015686665 
-84.32240470839466 
99.36542571911849 
-77.71878244743877 
92.10659140399841 
-62.89968970982793 
-59.75498490483815 
-64.10779913498659 
-101.7148160486203 
-77.68952799679637 
-86.78992960266935 
-94.7425913462637 
-87.72984017730272 
-35.162624940378215 
-58.62651954128389 
120.38276057116751 
-48.84114971187783 
-99.34035586239173 
-83.20658605738515 
-78.81487340410673 
-95.61336867741082 
-82.60436922425507 
-73.5848945340773 
-99.42427802637039 
-69.68900764893263 
-121.03380408565197 
107.8362288119966 
-60.85546331213766 
-78.68658366326285 
-64.30257626597673 
-61.484835667671504 
-23.95321264348372 
-79.08803916220516 
-59.086393499942865 
-63.997633181180916 
-69.94763808563378 
-94.14016371892318 
-65.1899544505368 
-65.58336475899856 
-101.37040070357509 
-62.79106783256448 
-68.52434785881613 
-66.94374763865382 
-51.41622033771706 
-84.90159996673756 
-85.27713296341346 
-69.36702056966188 
-77.03275616533394 
-56.81644585836476 
-59.41812321263311 
92.83843078061214 
-85.62894197434763 
-67.49160174682346 
-82.81166274994736 
-37.027317164186705 
-82.33317555904311 
-99.91898737819369 
-66.10444997136345 
-88.8351490919054 
-102.99263489491288 
-77.90773724911773 
-85.43975640759345 
-78.61492583247481 
-66.49128922679407 
-64.30585395851378 
-80.71673571234395 
-80.19183435156091 
-76.65203867677396 
-73.3239510088081 
-89.2696866060396 
-55.12542135703311 
-84.47332683995992 
-32.791666738053046 
-53.78364623280824 
-46.61159081215709 
-88.38970180557284 
-89.9219421894885 
-69.25171750847373 
-85.87705786583338 
-69.4160860711776 
-103.6350615719827 
-59.81538537414221 
-80.19325575470131 
-90.15961450581493 
-36.43249787766613 
-81.63160886979101 
-64.05355162080922 
-91.52019791528525 
-87.13701799778522 
-61.192271238243016 
-65.7131910370175 
-62.16814475198964 
-86.59363809187604 
-83.5471319184133 
-70.53595612718713 
-85.46648503658653 
-58.87236745694008 
-60.61329619640045 
-73.66157598474003 
-74.3699198262575 
-71.40224069186083 
-59.35526036869716 
-59.6168975491979 
-68.65436775853367 
-77.37322867740848 
-79.87369102934306 
-36.51635941618606 
-82.36701148198708 
-85.14675451214298 
-86.5209137172073 
94.4178599245671 
-104.68410555353918 
-65.75469657492695 
-89.15118133594511 
-86.41143764346735 
-93.72742095165759 
-85.10337893957504 
-85.5142428534941 
-87.7521819854044 
-72.59763637474454 
-86.574802426777 
-87.02233927910754 
149.71889826872334 
-73.19374577294184 
-67.4584866030195 
-69.8558154244806 
104.64747187383195 
-56.975730809313426 
-98.55832730221346 
-59.22676503525089 
-63.95546374929991 
-77.51779294994117 
-62.258420365829416 
-75.99733218964879 
-89.54000106735407 
-57.38503115161234 
115.42828325753383 
-74.30951656101618 
-68.17234390804768 
-88.7012162150659 
-86.62466707299565 
-78.66802100060032 
-77.14156571564344 
-69.05156018671644 
-24.25257337093624 
-97.09987958679147 
-83.77319121990442 
-71.70793990292294 
-77.05276801604366 
-63.60457400252781 
-80.40777582150734 
-64.85580518002526 
85.162106522233 
-72.32603475635652 
-88.8439511321591 
-78.30580019105791 
-61.84358474759829 
-72.73976875733631 
-58.03904782661932 
-68.77134052509658 
-60.62884686477216 
-94.49642269667818 
-57.55183884135825 
-107.76494073555061 
-65.43393900980985 
-73.87990978826888 
-69.17023807528818 
-73.42923633738927 
-62.46560970962793 
-94.03351553475095 
-81.14138079073348 
-92.30468850217889 
-78.49994021088183 
-76.44131820364481 
-94.39853727127226 
-49.08330618274595 
-70.33125050726909 
-56.29945026262928 
86.78869975036882 
-49.17072310770783 
136.03737138796674 
-68.77443136179247 
-54.07422800554676 
-89.00159566257457 
82.32057321419418 
90.05476665558113 
-32.02557788275724 
-88.68867416109781 
-68.30609112096695 
-74.1693950005879 
-77.04500985507866 
-60.89896566622529 
-61.25420792045096 
-99.24599469594223 
-58.853604008260646 
-71.45740735440779 
-76.28941782026278 
-78.92772653320131 
-85.20587041758742 
-46.088579658740535 
-71.19590566906514 
-94.43952820707712 
-78.26406615876259 
-63.78720711089775 
-51.610112029169684 
83.43548611174236 
-89.45883842003957 
80.79364442285878 
-84.7144008778944 
108.27924079804755 
-51.785459596721175 
-81.63645587394076 
-78.83004807448356 
-69.81544346338553 
-95.91259333572565 
-64.54211848115092 
-95.94132833396272 
-83.25002293969507 
-84.93643126870829 
-77.80036865496508 
85.57468676922375 
-99.41704208191598 
-86.50313566012942 
-61.83863328995809 
-64.44275001040612 
143.17229900291056 
-61.97100269173616 
-84.13644794086711 
-79.04141276318624 
-82.92195449355115 
-75.00487818395068 
-108.86341476187026 
-72.40234937448587 
83.16502057166801 
114.92704477671028 
116.0925450220262 
169.89217302584532 
-97.82497709291252 
92.65609773948982 
-74.12240557298205 
-82.88254204775272 
-70.0267204032336 
-76.04826459222953 
-91.20871728470931 
114.43999057208451 
85.02502992222391 
-59.66771964521076 
90.13690953260259 
-79.87690164009746 
-70.62079414192408 
-93.13375998678197 
-93.62807607973207 
106.13853140872233 
-66.22625546518826 
85.95279302416196 
82.91884354815956 
92.264508480121 
-75.56436354064779 
76.26417657012196 
-94.35325714316441 
147.81005144561118 
132.14589216810143 
135.56877399667346 
-96.755985357479 
-79.40257861180903 
99.75017855590056 
106.04822323219591 
-84.62028625836685 
-131.13087791138884 
-48.98392191462992 
154.87082891910714 
-69.64415763327649 
92.58562875445146 
72.82828375722777 
106.49255124759702 
102.76201968377576 
-62.6020491823994 
-103.36523964862701 
152.76117257439822 
-73.94501512229546 
-93.1241758321087 
-57.775981301839806 
152.4992438305687 
-51.548045438381344 
-69.22166763413836 
-83.12588081234512 
-72.9986609951148 
-53.120343409586106 
-51.54246449459117 
90.65113187103259 
-51.25339801313977 
116.66677058136153 
-87.16588098974029 
-63.52618000500647 
-75.20055018968085 
-79.46669679902872 
-80.95496029373219 
-64.73690491953442 
-66.78879316071512 
-75.59662866174047 
-68.18476797464837 
-75.65863598099092 
-73.05269624023103 
-55.674280038364834 
-85.82529763403426 
-49.086032832191535 
126.53395870240071 
-81.07432877919705 
-78.05044668352632 
-90.39525522363029 
-90.08585823810395 
-62.15804382909536 
-88.34830808528422 
-69.17653672622166 
-87.96185547995394 
-34.52046900241735 
-63.27006769259547 
-86.70031304972589 
158.7457040141876 
-70.87619423720975 
104.61389090767507 
-63.518257044051545 
-58.893694071761395 
-74.74854542888322 
-51.727894416118644 
-75.08481758849378 
-69.41104517971628 
-64.69072164107014 
-40.785916781053444 
-72.80511845463 
-89.85509995809335 
-96.44393695012414 
-58.16850446104078 
-73.59872947430003 
-93.43762524498074 
-87.23775115241233 
-59.077398076590704 
-67.35780545284129 
-79.406152438193 
-96.63615625418448 
-50.62572578008755 
99.80826485886838 
86.99483339883405 
126.16474412593365 
-69.86912140653226 
111.74514546575539 
107.35488167123108 
-43.15136424813205 
97.12294729994964 
-64.25156225451353 
-75.99990657639083 
-88.21805494273097 
-104.2471595529443 
-99.28364852946724 
91.02265639325074 
-106.98488551797368 
131.67319707046863 
110.76605978206197 
-48.97639628960126 
106.33965468803486 
-62.697444865185375 
-54.2771136065381 
110.37939720190595 
-75.98678804818863 
-92.06440293150084 
107.96824476063615 
-85.48024533802563 
-91.92959487129865 
-76.91963004884754 
-89.57597292895879 
-52.250393963669424 
-53.733051771423355 
-73.04625878916441 
-91.23038632443266 
-59.19963372422754 
-60.26425842905607 
97.44345188222884 
-74.2674767828781 
-68.70903830862748 
-66.26862614051416 
-92.14836355664761 
-81.75655302421333 
-55.583694092732856 
-81.56480907510897 
-56.337201764721 
-85.88807918357085 
-72.38390512261971 
-52.2206682660979 
-64.49597858654084 
-82.11815676971382 
113.13827031208413 
126.6724497006578 
-78.93511571510778 
-71.6586487060851 
-76.35080052212055 
-83.12831084798201 
-72.2535566214757 
-71.02917870491112 
-80.8161897460182 
-71.91108852221579 
-73.89782326579189 
-73.86843193597156 
-78.03746233009338 
-75.38417304828566 
-83.93231955318649 
-103.17271023304511 
114.07764107500371 
68.87760022314642 
93.32048137937309 
54.33504054155806 
-90.93738502277948 
-92.77188529878978 
-69.07081850388107 
-57.944917120117644 
113.32775581675347 
118.65492630420104 
77.12735609075906 
-63.58752828496719 
-78.41237867377777 
-70.28119990703934 
-62.41367847922266 
-100.17623119301761 
-47.448089469808046 
-60.305745838962956 
89.1826049289873 
-60.05174629803412 
78.54300969160937 
-99.657846502747 
-59.90453535450551 
-70.08937886131922 
-67.70282354551827 
-102.08301012725993 
-95.3848447734378 
86.75571015761071 
-80.00639476405988 
-62.2259974020911 
-45.24785268159463 
-77.27767873343019 
-84.25719421762739 
-95.49035759145346 
-75.40214393133499 
-95.89187263829201 
-66.35237030899415 
-104.1538081304503 
-94.83558941526877 
-55.26979136802073 
-73.01374304328674 
-77.78211948548038 
-78.95132155252519 
-55.77246134114655 
-66.03257723006908 
146.48215719444514 
-80.92482326071301 
96.20546148799623 
-78.27577499412723 
-99.35840696195768 
139.32734619890218 
-51.78447669998523 
-51.783795019031125 
-63.016535304758406 
-108.98192296562617 
-66.66718763239307 
-74.20384504865106 
-84.58486938632672 
-57.613216792528796 
-49.22564065451512 
-83.94813804575489 
105.14537188727171 
-75.51507269407004 
-74.96828253762762 
-65.37182388328496 
-69.67481750997179 
-68.4222827207579 
-54.56729864666733 
-82.66203576081641 
116.00370038500351 
-70.31147749865158 
-59.97486419099357 
-54.251839766954205 
-90.6302917379637 
-87.45803450902206 
-78.98251685823541 
-70.14970990787175 
-81.14790746041056 
-64.44223893386875 
-72.04280925793775 
-45.12379526959435 
-52.676870284941934 
-60.68702416672734 
-65.51938513596915 
-51.266062198874195 
-64.68711682364925 
-69.82721179647888 
-47.08186986448102 
-60.43564296497431 
-103.49694931551787 
-42.226416252238224 
-87.1862681876936 
-126.21074572800272 
-134.37733503057927 
-65.07920515354293 
82.65842164023773 
-59.931041577263414 
-74.91166295659607 
-63.00383565812466 
-73.00072780168483 
-48.50957792610272 
-82.69025643159634 
-73.88815245124525 
-98.96403143805325 
-92.95549779644875 
-48.787783563376806 
-89.11823884601024 
-82.60037263822971 
-41.65018413967953 
-78.6086380031647 
-67.11412506963164 
-87.33848450792865 
-75.38821146780185 
-71.78753279981069 
-79.7934641874974 
-51.049162166502505 
-74.65319355787445 
-66.73175341444225 
-80.72134297948053 
136.92096622325093 
-70.42638531306658 
-60.21038636974687 
-46.47737333527883 
-58.82832725455025 
-76.21611197711391 
-69.43646639648642 
-64.01328815526402 
-93.3428095996188 
168.47571454925952 
-84.91749848861903 
-86.5307251108052 
-77.89315174111887 
-56.03904126149515 
-63.30157177688087 
-91.05094909056447 
-55.87423430947569 
-75.4313213778572 
-57.1843980570914 
136.64001291085393 
-88.0727158488111 
-50.83089242651355 
-67.75338963983096 
-60.510918916717785 
-87.27287010671104 
-76.60082716064184 
-86.5481111867521 
-77.44217485106678 
-70.5513141890427 
-71.71086807088129 
-106.2292455160189 
-67.54324680537827 
-66.999808814059 
-97.04040625205911 
-69.43805077480037 
-63.04365469675547 
-64.40934266450054 
-63.416544174066374 
133.39566985339692 
-96.99606552664702 
-50.278336720279746 
159.80810176974637 
-76.90422877183134 
51.07631503671453 
-76.77314167817072 
89.92524446990437 
-69.48969529978518 
136.02659733837967 
-64.3211847377643 
-86.3602911784207 
-74.51165461464801 
-71.91088010123171 
128.16634344675074 
-83.77503289090397 
-75.93368529507904 
-69.36215066920909 
-96.41605810423867 
-95.65502228914008 
-79.10823436748005 
-107.85155546153146 
-88.29785856067242 
-97.61430647699704 
-62.96243513521104 
-66.86182826657712 
147.47073764980783 
-51.36598957394469 
-52.703759655549234 
-62.70787266239985 
-87.7738908880902 
-78.64459575425104 
-75.57148108352105 
-56.784975470269785 
-78.42964001723789 
-65.81495025726502 
-113.61509104558993 
-62.5950664130844 
-73.1015739348684 
-76.53474185233915 
-77.43698053222627 
-61.32841763675242 
-56.93623209252465 
-78.85640340200281 
-71.03962804413791 
-70.46644796641775 
122.57586877745057 
81.39685618207757 
-72.86227538494691 
86.89454464727918 
-90.35486590315973 
-60.711636478308655 
-81.4020601982314 
-77.60280410151937 
-82.01971879962997 
-60.55214289445673 
88.14019955340757 
-57.72299741036367 
-72.54212159581702 
-67.37338288319252 
-67.49567826720833 
-68.63585037282789 
-89.57046511756384 
-89.25957147578738 
-102.97388473866485 
-58.59162045105161 
-63.68636234560065 
-74.49997095086542 
-65.4875077363808 
-72.1165224433957 
-70.38078635211288 
-105.3580333828252 
-64.18497801608692 
52.995765863794844 
-69.79140809275475 
-82.55377179059606 
-75.96322267164273 
-84.63003006959349 
-97.9021916146345 
-67.92651209731889 
98.20117720766686 
-76.13347290462829 
-73.28821196204598 
-77.39436455564585 
-66.40160176531968 
-35.69327282165723 
-71.09064094596306 
117.8757854413868 
-109.34016642506887 
-75.23090834568565 
-81.23914777812463 
-85.22297250082796 
-64.13438098229416 
-61.719598904366364 
-78.25692401595397 
-74.61543508954769 
-77.74150572160602 
-77.23400408468461 
-79.44619266811341 
-50.537235288728446 
-90.12855436782591 
80.33253870827991 
-59.1150348879659 
-68.28184992768719 
-56.63577584040484 
-48.926363896505876 
-52.75939527397352 
-71.88500229675712 
-47.36244895545814 
-63.62179927973448 
-78.99418809040871 
-72.89327611841102 
-50.00710455036913 
-78.60707319303191 
-59.638805418605195 
-67.20640941357526 
-52.57748048978024 
-56.99435153420192 
-55.54423007493743 
-72.08080706426213 
-74.42312136695335 
-68.90921787339258 
-89.53385061308795 
-93.44918875539433 
-56.10238686929681 
-76.11218808258711 
-107.28230286201 
-43.978238972001336 
-59.93250511951072 
-66.03568832029157 
-105.70478827683034 
-86.29729592750624 
-75.37927860993962 
-77.79925848747884 
-53.66265728149228 
-68.41942299710443 
-38.23521272050866 
-90.76828612114991 
-79.15022786080726 
-60.56453423640142 
62.203741484837465 
-71.75384326472845 
-117.12974669333653 
-66.43945584363553 
-43.43812766636469 
-62.9611044036765 
-73.35641521584103 
-59.79651739215581 
-55.66267854351071 
-63.12474006184199 
-65.20695844594444 
126.1045374701787 
-81.76476742331667 
-75.99666365959015 
-82.9387401985453 
-41.7321275861203 
-113.65597628160656 
-85.51261565977927 
-70.6112153045026 
-72.45559325574703 
-92.76900926182098 
-52.32217891555809 
-61.08358045027924 
-89.05958241344942 
-70.6991591389765 
-58.72157750297778 
-58.29217508480726 
-85.07449258524655 
-75.51063641963944 
-93.40028017040815 
-33.28507133503184 
-67.2820115565113 
-52.91053296561914 
-76.91817652727781 
-70.81726334805704 
-67.72567048115761 
-81.96074226488713 
-63.251551903078 
-80.62644400533276 
-78.74216881685473 
-79.16432910831783 
-61.546612900986794 
-89.32040866286704 
-85.26315173140776 
-71.81866592870061 
-40.135019733574886 
-69.42937632408973 
-70.66038588362989 
-76.22938919113527 
-62.27078439218044 
-75.47676119407063 
-42.76040349987771 
-92.90697125722757 
-90.27201359133316 
-58.189377482448556 
-78.19058143624397 
-95.17967205534812 
-84.70964097173297 
-59.9758216059614 
-92.24504932817612 
-65.55206568154782 
-77.16640163281662 
-70.71375211401923 
-88.78089160132137 
-72.07233567879497 
-79.53729727007176 
-79.74010233524021 
128.40914204794169 
-77.23960695453665 
-38.35718048388125 
-77.41206079721515 
-60.55095860880072 
-79.57156179179893 
-72.48885337819569 
-72.92010389186946 
-59.72830116204613 
-87.79515304046416 
-63.34086144833343 
-70.82714326890807 
-72.46861586375954 
-105.83074021583953 
-66.51161330872638 
-61.25632518351068 
-62.9742221855585 
-67.89867892396518 
-67.56542934730354 
-59.72320324231302 
-85.53448004166786 
-69.68411549795229 
-69.05671356005392 
-82.60494240698598 
-88.99800196301754 
-59.308851359524674 
-60.59914758153168 
-81.35339525418706 
-85.03300526265154 
-68.45811781039266 
-61.39773258595832 
-86.65885078227775 
-61.80763496045932 
-74.37652523611818 
-67.41884897459032 
-64.65803183904887 
-55.95516356163252 
-65.19082289819094 
-79.47217733754881 
-71.95428744993123 
-67.77634997549906 
-74.7587709277962 
-82.38181669491676 
-65.47457356824592 
-73.79414898899246 
-75.52834785643742 
-78.58476343945966 
-31.901819587528248 
-67.03133885723513 
-85.25734404861933 
-90.76241784494836 
-93.9958540037618 
-55.664843420641496 
-80.06098326429456 
-100.69194608758949 
-67.67504853836789 
-80.98103438275135 
-46.21023851027847 
-85.96386322816718 
-70.54515034041768 
-77.20686505380672 
-57.85408268603674 
-64.20015370254619 
-84.17838823575423 
-84.36353880957766 
-82.46844940767612 
-80.06071537997285 
-83.55716396772037 
-77.74646083462135 
-77.33000220006099 
-78.97079565862954 
-80.53934358936259 
-88.26629407718693 
-75.34620807243765 
-73.17717669182593 
-75.09807892630491 
-47.261290172501575 
-147.76566977047466 
-51.889772076265054 
-57.20247885267739 
-82.40648700780841 
-82.09213937635415 
-74.7492595223089 
-60.9770686411448 
-49.31300743102183 
-73.17090355146064 
-51.50833004214959 
-79.09591642915335 
-83.58471074218744 
-52.92996894361447 
-78.24457525632117 
-53.27966022647364 
-79.95964947039602 
-73.54386767376853 
-93.03321025611012 
-74.69290488251848 
-61.34284514979125 
-79.2906371000767 
-87.87030893876022 
-61.86918931469498 
-78.21861874480712 
-66.48183268542047 
-75.31244235464555 
-78.07573066882578 
-64.6698722599732 
-76.70255345190496 
-79.68848770208486 
-84.45461847435156 
-57.07720591101666 
-75.79757154870384 
-82.79083387917694 
-76.88594362170436 
-73.97769970194746 
-57.97706454784791 
-83.09786494330665 
-57.237160761220444 
-84.22573866479611 
-79.66710752699657 
-96.86797115095936 
-94.60021373396833 
-72.8624677489878 
-74.6996779328752 
-55.18259084530993 
-97.47250459622872 
-59.515917903725864 
-68.63134010497197 
-73.04068187617108 
-77.78389274776951 
-83.00747067723665 
-78.37991087024096 
-74.4377473173143 
-82.52328631539984 
-60.41207321560887 
-77.39271859539818 
-88.58214429031756 
-60.21804709397395 
-33.96390241230481 
-61.13627476103875 
-61.311619605390725 
-79.7120509473608 
-42.38965389128389 
-55.27597853646791 
-66.72088538062972 
-69.20958163203045 
-112.063198433643 
-60.050804090262936 
-76.44619198183297 
-83.55784178369127 
-61.69431138916996 
-70.78177164333395 
150.45098725109838 
-81.87381770562911 
-85.31210997032028 
-67.14695002065444 
-94.30278153540273 
-71.49880158870008 
-59.66972357830368 
-65.12053554423852 
-87.79949026915592 
-62.91392163781168 
-79.0292570156238 
-72.65438829390936 
-57.96339721746914 
-84.08894063134161 
-82.76649254667967 
-91.76399821758812 
-64.71547349795671 
-55.06472353995956 
-88.29493838033548 
-92.36519726747254 
-81.78347293027507 
-74.34472165700682 
-68.94479519461164 
-54.96014555545731 
97.83723241986095 
-99.312108143099 
93.10974660486801 
-74.04850717456145 
-68.89541269907289 
-92.3592444527084 
-98.9240787290474 
-81.99930368768503 
-59.2955012866754 
-89.05605556468775 
-71.0360078910639 
-78.41675088674147 
-83.43761880868813 
-87.66622870107224 
-61.966283320727484 
-66.87250758254258 
-81.49966111999477 
-46.1319564845772 
-79.95707076775254 
-58.21436436836754 
-40.07991239205553 
-77.35908220659734 
-72.74739171247938 
-59.59812292243029 
124.76471778938367 
-71.1386314125552 
-119.82716962035775 
81.2179930790731 
-79.61176765776096 
102.90213125213138 
-63.98163979272893 
-72.29308235854405 
108.91737193793 
-59.12391404915623 
-77.88749767092614 
111.07114872140319 
-60.31150654439771 
126.22784090100126 
-71.79072671721367 
94.33569846345074 
-69.6642887624453 
99.42280199327384 
-64.85552022151442 
-92.77080381205845 
84.507397898018 
-74.94285207260567 
143.7977695647953 
-79.5538055127646 
85.6814925208432 
-64.29208571376171 
-63.1832175738708 
114.32030126266095 
-87.99479723275397 
-74.33484279328019 
113.35311529719726 
-86.25988009146465 
-76.67734662153168 
-64.93852528919776 
-56.89282400833811 
-80.91386392998656 
-55.68574205396056 
-61.02135120424972 
120.26863478008329 
-76.07650782128209 
-87.2300737621924 
-84.55292659671487 
-94.54270436352105 
-85.21607159068175 
-100.32727268944421 
-56.175060546572844 
-68.5039205396496 
80.64101875259034 
-74.16564033740556 
-70.53096581970343 
-90.21013719180476 
-44.856049383707756 
102.59370897330518 
-64.17598422222457 
-85.85084565437249 
-64.0166006907211 
90.91015743404097 
137.34503400869093 
-68.4779659070383 
130.36389328363106 
-71.94453889635795 
126.20404408253657 
-76.45797436268079 
-83.700919561401 
-60.493480032519734 
-87.84175598087012 
-77.24154619742659 
-67.25878662414766 
90.21848620645622 
-102.60352329077409 
-55.22187700872379 
-61.40718004894673 
88.56219102403193 
-56.65785606370047 
78.4467293581893 
79.58021233698514 
-56.85813358551157 
96.22161319734607 
-72.48647857420085 
-63.992200390887675 
-116.19975726338568 
-60.88756629229652 
87.1649234383013 
-75.36513672206695 
-68.99434037544773 
-48.24570028433504 
-59.18805323818638 
-70.15378807575601 
-66.08315753308547 
93.24333509480516 
118.65427959117595 
-73.04645405821277 
-89.04795532253702 
-86.380513190886 
-75.81030501636947 
-88.89646011898549 
-68.68746831927413 
87.4927538894757 
-63.57505964598084 
-76.26123595532407 
-71.95621573496028 
-82.90818394463345 
-106.1507498236259 
-85.57576564777945 
86.00734850045552 
-89.77239266243072 
-89.8350514867271 
-89.09377609400032 
-61.94362458561516 
-132.9884137982041 
-91.93171487487113 
101.7766433611691 
-85.74679265309948 
-84.92741562250868 
-77.5403868413269 
99.83988493883734 
-59.446846817771984 
-85.84580067208933 
-74.42758223108781 
-59.03069734508246 
-78.74785326954019 
84.24018868333522 
-90.7299772527917 
-97.01891202683379 
-104.07788737521696 
-71.22775927969468 
-63.912177183834814 
-78.7451470394316 
-53.423849243651134 
99.24508660791375 
-76.36116245361332 
-100.02430178816746 
115.5638250036073 
-82.28249584606252 
85.64623664481802 
-66.18317118396877 
94.97798084131205 
-76.77181483890712 
128.50388166723445 
-104.53298375278001 
-99.02991526877845 
97.57841494734022 
-71.79474603499648 
-57.11983434018678 
-68.95173061095848 
109.86546806561915 
-54.076211064229085 
71.71973546596324 
130.02750007681317 
-101.30251144041786 
-71.88456299411632 
-85.62299725135726 
-88.01835465218234 
134.5624935750947 
-63.10406461577734 
-41.22789036689368 
-85.73923834153504 
-47.11300347127036 
-79.09947415133708 
-88.07503604238194 
-83.89564153382786 
-89.2709858718118 
-91.64221182162264 
-89.93106401036157 
114.4063395654385 
-75.58108767730414 
-62.46216586558653 
-76.45216804130547 
-102.69555539564577 
-76.37964768021905 
-63.305065662783306 
-86.07308776788823 
138.17403379081136 
-79.95097036730662 
-68.88877661194692 
-86.29861653499813 
-68.47795991898438 
-81.37523789023118 
-83.14675473329886 
-68.06729216224915 
125.72151257060486 
-78.95282490690994 
-70.32179630131336 
-71.1629127447924 
-82.92983045560631 
-42.674917547484156 
58.759346057569964 
-60.77224664488405 
-66.4839525850718 
-68.39687459439308 
-86.24397858711546 
-74.53938609147757 
-78.04206473575012 
-70.50023305698572 
-52.99343235061713 
-77.2068490688919 
-64.74541784278527 
-81.62317034904821 
-54.2737043854353 
-73.10215542020075 
-52.6679437540994 
-66.3366303799486 
-71.4705987204116 
-50.54498414023695 
-86.94295079759578 
-85.04182911209456 
-66.05318459481904 
-76.21896135958983 
-83.08550672402274 
-78.78053150222306 
-83.80974110670452 
-69.94528171882479 
-42.781203303135975 
-65.28175558052878 
-66.34784836884445 
-22.132623178070222 
-52.275444894129805 
-81.820452296962 
-76.59631280457744 
-57.18621218031575 
-81.15407590504671 
-61.81805918005931 
-70.28495210874725 
-72.82825369208292 
-107.78086496311745 
-73.10957028191909 
-47.72939177481805 
-85.05162310997314 
-89.4359240934768 
-89.72107384592414 
-66.74220985664223 
-78.99772691261997 
-60.53078926353007 
-85.33573657205741 
-52.88412476686353 
-44.73385645268093 
-79.43235283045358 
-64.68389618094548 
-110.92237964089111 
-81.84933736125802 
